begin HEADER
  File_Creation = 2008-03-25T19:23:17 UTC
  File_ID = "Aerosol Perturbations"
  File_Type = "Matrix"
  Labels =  "Pressure"  "LOW_005"  "MID_005"  "HIGH_005"  "LOW_015"  "MID_015"  "HIGH_015"  "LOW_025"  "MID_025"  "HIGH_025" 
  Num_Columns = 10
  Num_Rows = 40
end HEADER

#   Pressure        LOW_005        MID_005       HIGH_005        LOW_015        MID_015       HIGH_015        LOW_025        MID_025       HIGH_025
         100  1.0260272e-33  1.0260272e-33  1.0260272e-33  1.0260272e-33  1.0260272e-33  1.0260272e-33  1.0260272e-33  1.0260272e-33  1.0260272e-33
        3000  1.0260272e-33  1.0260272e-33  1.0260272e-33  1.0260272e-33  1.0260272e-33  1.0260272e-33  1.0260272e-33  1.0260272e-33  1.0260272e-33
        5000  1.0260272e-33  1.0260272e-33  1.0260272e-33  1.0260272e-33  1.0260272e-33  1.0260272e-33  1.0260272e-33  1.0260272e-33  1.0260272e-33
        7000  4.3539264e-12  4.3539264e-12  4.3539264e-12  4.3539264e-12  4.3539264e-12  4.3539264e-12  4.3539264e-12  4.3539264e-12  4.3539264e-12
        8500  1.4501865e-11  1.4501865e-11  1.4501865e-11  1.4501865e-11  1.4501865e-11  1.4501865e-11  1.4501865e-11  1.4501865e-11  1.4501865e-11
       10000  2.6447309e-11  2.6447309e-11  2.6447309e-11  2.6447309e-11  2.6447309e-11  2.6447309e-11  2.6447309e-11  2.6447309e-11  2.6447309e-11
       15000  3.6222310e-11  3.6222310e-11  3.6222310e-11  3.6222310e-11  3.6222310e-11  3.6222310e-11  3.6222310e-11  3.6222310e-11  3.6222310e-11
       20000  4.4495623e-11  4.4495623e-11  4.4495623e-11  4.4495623e-11  4.4495623e-11  4.4495623e-11  4.4495623e-11  4.4495623e-11  4.4495623e-11
       24000  5.4487760e-11  5.4487760e-11  5.4487760e-11  5.4487760e-11  5.4487760e-11  5.4487760e-11  5.4487760e-11  5.4487760e-11  5.4487760e-11
       28000  6.5068797e-11  6.5068797e-11  6.5068797e-11  6.5068797e-11  6.5068797e-11  6.5068797e-11  6.5068797e-11  6.5068797e-11  6.5068797e-11
       31500  7.4538224e-11  7.4538224e-11  7.4538224e-11  7.4538224e-11  7.4538224e-11  7.4538224e-11  7.4538224e-11  7.4538224e-11  7.4538224e-11
       35000  8.5356804e-11  8.5356804e-11  8.5356804e-11  8.5356804e-11  8.5356804e-11  8.5356804e-11  8.5356804e-11  8.5356804e-11  8.5356804e-11
       37500  9.6516465e-11  9.6516465e-11  9.6516465e-11  9.6516465e-11  9.6516465e-11  9.6516465e-11  9.6516465e-11  9.6516465e-11  9.6516465e-11
       40000  1.0687473e-10  1.0687473e-10  1.0687473e-10  1.0687473e-10  1.0687473e-10  1.0687473e-10  1.0687473e-10  1.0687473e-10  1.0687473e-10
       42500  1.1986821e-10  1.1986821e-10  1.1986821e-10  1.1986821e-10  1.1986821e-10  1.1986821e-10  1.1986821e-10  1.1986821e-10  1.1986821e-10
       45000  1.3380919e-10  1.3380919e-10  1.3380919e-10  1.3380919e-10  1.3380919e-10  1.3380919e-10  1.3380919e-10  1.3380919e-10  1.3380919e-10
       47500  1.5582091e-10  1.5582091e-10  1.5582091e-10  1.5582091e-10  1.5582091e-10  1.5582091e-10  1.5582091e-10  1.5582091e-10  1.5582091e-10
       50000  1.7786678e-10  1.7786678e-10  1.7786678e-10  1.7786678e-10  1.7786678e-10  1.7786678e-10  1.7786678e-10  1.7786678e-10  1.7786678e-10
       52500  2.0165215e-10  2.0165215e-10  2.0165215e-10  2.0165215e-10  2.0165215e-10  2.0165215e-10  2.0165215e-10  2.0165215e-10  2.0165215e-10
       55000  2.3869094e-10  2.3869094e-10  2.3869094e-10  2.3869094e-10  2.3869094e-10  2.3869094e-10  2.3869094e-10  2.3869094e-10  2.3869094e-10
       57500  2.9128901e-10  2.9128901e-10  2.9128901e-10  2.9128901e-10  2.9128901e-10  2.9128901e-10  2.9128901e-10  2.9128901e-10  2.9128901e-10
       60000  3.4537887e-10  3.4537887e-10  3.4537887e-10  3.4537887e-10  3.4537887e-10  3.4537887e-10  3.4537887e-10  3.4537887e-10  3.4537887e-10
       62500  3.9971880e-10  3.9971880e-10  3.9971880e-10  3.9971880e-10  3.9971880e-10  3.9971880e-10  3.9971880e-10  3.9971880e-10  3.9971880e-10
       65000  4.8722014e-10  4.8722014e-10  4.8722014e-10  4.8722014e-10  4.8722014e-10  4.8722014e-10  4.8722014e-10  4.8722014e-10  4.8722014e-10
       67500  5.8386967e-10  5.8386967e-10  5.8386967e-10  5.8386967e-10  5.8386967e-10  5.8386967e-10  5.8386967e-10  5.8386967e-10  5.8386967e-10
       70000  6.9370227e-10  6.9370227e-10  6.9370227e-10  6.9370227e-10  6.9370227e-10  6.9370227e-10  6.9370227e-10  6.9370227e-10  6.9370227e-10
       72500  8.0247711e-10  8.0247711e-10  8.0247711e-10  8.0247711e-10  8.0247711e-10  8.0247711e-10  8.0247711e-10  8.0247711e-10  8.0247711e-10
       75000  9.6689879e-10  9.6689879e-10  9.6689879e-10  9.6689879e-10  9.6689879e-10  9.6689879e-10  9.6689879e-10  9.6689879e-10  9.6689879e-10
       77500  1.1308039e-09  1.1308039e-09  1.1308039e-09  1.1308039e-09  1.1308039e-09  1.1308039e-09  1.1308039e-09  1.1308039e-09  1.1308039e-09
       80000  1.3185311e-09  1.3185311e-09  1.3185311e-09  1.3185311e-09  1.3185311e-09  1.3185311e-09  1.3185311e-09  1.3185311e-09  1.3185311e-09
       82500  1.5131724e-09  1.5131724e-09  1.5131724e-09  1.5131724e-09  1.5131724e-09  1.5131724e-09  1.5131724e-09  1.5131724e-09  1.5131724e-09
       85000  1.7327032e-09  1.7327032e-09  1.7327032e-09  1.7327032e-09  1.7327032e-09  1.7327032e-09  1.7327032e-09  1.7327032e-09  1.7327032e-09
       87500  1.9737671e-09  1.9737671e-09  1.9737671e-09  1.9737671e-09  1.9737671e-09  1.9737671e-09  1.9737671e-09  1.9737671e-09  1.9737671e-09
       90000  2.2437705e-09  2.2437705e-09  2.2437705e-09  2.2437705e-09  2.2437705e-09  2.2437705e-09  2.2437705e-09  2.2437705e-09  2.2437705e-09
       92500  2.5273669e-09  2.5273669e-09  2.5273669e-09  2.5273669e-09  2.5273669e-09  2.5273669e-09  2.5273669e-09  2.5273669e-09  2.5273669e-09
       95000  2.8184075e-09  2.8184075e-09  2.8184075e-09  2.8184075e-09  2.8184075e-09  2.8184075e-09  2.8184075e-09  2.8184075e-09  2.8184075e-09
       97500  3.1704936e-09  3.1704936e-09  3.1704936e-09  3.1704936e-09  3.1704936e-09  3.1704936e-09  3.1704936e-09  3.1704936e-09  3.1704936e-09
      100000  3.5397890e-09  3.5397890e-09  3.5397890e-09  3.5397890e-09  3.5397890e-09  3.5397890e-09  3.5397890e-09  3.5397890e-09  3.5397890e-09
      102500  3.9166004e-09  3.9166004e-09  3.9166004e-09  3.9166004e-09  3.9166004e-09  3.9166004e-09  3.9166004e-09  3.9166004e-09  3.9166004e-09
      105000  4.2864471e-09  4.2864471e-09  4.2864471e-09  4.2864471e-09  4.2864471e-09  4.2864471e-09  4.2864471e-09  4.2864471e-09  4.2864471e-09
