begin HEADER
  File_ID = "Aerosol Profile"
  File_Creation = "Tue Jul 31 11:00:00 PDT 2007"
  File_Type = "Matrix"
  Num_Rows = 12
  Num_Columns = 15
  Retrieval_Mode = linear
  Labels = "Pressure" "AER_01" "AER_02" "AER_03" "AER_04" "AER_05" "AER_06" "AER_07" "AER_08" "AER_09" "AER_10" "AER_11" "AER_12" "AER_13" "AER_14"
end HEADER
#  Pressure         AER_01         AER_02         AER_03         AER_04         AER_05         AER_06         AER_07         AER_08         AER_09         AER_10         AER_11         AER_12         AER_13         AER_14
   1.00E+02  5.8630829E-32  5.8630829E-32  5.8630829E-32  5.8630829E-32  5.8630829E-32  5.8630829E-32  5.8630829E-32  5.8630829E-32  5.8630829E-32  5.8630829E-32  5.8630829E-32  5.8630829E-32  5.8630829E-32  5.8630829E-32
   7.00E+03  5.8630829E-32  5.8630829E-32  5.8630829E-32  5.8630829E-32  5.8630829E-32  5.8630829E-32  5.8630829E-32  5.8630829E-32  5.8630829E-32  5.8630829E-32  5.8630829E-32  5.8630829E-32  5.8630829E-32  5.8630829E-32
   1.00E+04  5.8630829E-32  5.8630829E-32  5.8630829E-32  5.8630829E-32  5.8630829E-32  5.8630829E-32  5.8630829E-32  5.8630829E-32  5.8630829E-32  5.8630829E-32  5.8630829E-32  5.8630829E-32  5.8630829E-32  5.8630829E-32
   2.00E+04  3.6821983E-09  3.6821983E-09  3.6821983E-09  3.6821983E-09  3.6821983E-09  3.6821983E-09  3.6821983E-09  3.6821983E-09  3.6821983E-09  3.6821983E-09  3.6821983E-09  3.6821983E-09  3.6821983E-09  3.6821983E-09
   3.50E+04  7.8135643E-09  7.8135643E-09  7.8135643E-09  7.8135643E-09  7.8135643E-09  7.8135643E-09  7.8135643E-09  7.8135643E-09  7.8135643E-09  7.8135643E-09  7.8135643E-09  7.8135643E-09  7.8135643E-09  7.8135643E-09
   4.50E+04  1.2550328E-08  1.2550328E-08  1.2550328E-08  1.2550328E-08  1.2550328E-08  1.2550328E-08  1.2550328E-08  1.2550328E-08  1.2550328E-08  1.2550328E-08  1.2550328E-08  1.2550328E-08  1.2550328E-08  1.2550328E-08
   5.50E+04  2.3039336E-08  2.3039336E-08  2.3039336E-08  2.3039336E-08  2.3039336E-08  2.3039336E-08  2.3039336E-08  2.3039336E-08  2.3039336E-08  2.3039336E-08  2.3039336E-08  2.3039336E-08  2.3039336E-08  2.3039336E-08
   6.50E+04  4.1305468E-08  4.1305468E-08  4.1305468E-08  4.1305468E-08  4.1305468E-08  4.1305468E-08  4.1305468E-08  4.1305468E-08  4.1305468E-08  4.1305468E-08  4.1305468E-08  4.1305468E-08  4.1305468E-08  4.1305468E-08
   7.50E+04  7.2100712E-08  7.2100712E-08  7.2100712E-08  7.2100712E-08  7.2100712E-08  7.2100712E-08  7.2100712E-08  7.2100712E-08  7.2100712E-08  7.2100712E-08  7.2100712E-08  7.2100712E-08  7.2100712E-08  7.2100712E-08
   8.50E+04  1.1428162E-07  1.1428162E-07  1.1428162E-07  1.1428162E-07  1.1428162E-07  1.1428162E-07  1.1428162E-07  1.1428162E-07  1.1428162E-07  1.1428162E-07  1.1428162E-07  1.1428162E-07  1.1428162E-07  1.1428162E-07
   9.50E+04  1.7131700E-07  1.7131700E-07  1.7131700E-07  1.7131700E-07  1.7131700E-07  1.7131700E-07  1.7131700E-07  1.7131700E-07  1.7131700E-07  1.7131700E-07  1.7131700E-07  1.7131700E-07  1.7131700E-07  1.7131700E-07
   1.05E+05  2.4494211E-07  2.4494211E-07  2.4494211E-07  2.4494211E-07  2.4494211E-07  2.4494211E-07  2.4494211E-07  2.4494211E-07  2.4494211E-07  2.4494211E-07  2.4494211E-07  2.4494211E-07  2.4494211E-07  2.4494211E-07
