  6  33
  GGGAVG  Version  2.5.0  22-Oct-2005  GCT
  GFIT  Version  2.35.6  11-Apr-2006  GCT
  GSETUP  Version  2.6.3  30  May  2006  GCT  sen
  MISSING:  9.9999E+29  9.9999E+29  9.9999E+29  9.9999E+29  9.9999E+29  9.9999E+29  9.9999E+29  9.9999E+29  9.9999E+29  9.9999E+29  9.9999E+29  9.9999E+29  9.9999E+29  9.9999E+29  9.9999E+29  9.9999E+29  9.9999E+29  9.9999E+29  9.9999E+29  9.9999E+29  9.9999E+29  9.9999E+29  9.9999E+29  9.9999E+29  9.9999E+29  9.9999E+29  9.9999E+29  9.9999E+29  9.9999E+29  9.9999E+29  9.9999E+29  9.9999E+29  9.9999E+29
  year  day  hour  run  lat  long  zobs  pobs  tobs  pins  asza  zmin  graw  opd  fovi  sia  sis  h04_4850  h04_4850_error  h04_6076  h04_6076_error  h04_6220  h04_6220_error  h04_6339  h04_6339_error  atm_4850  atm_4850_error  atm_6076  atm_6076_error  atm_6220  atm_6220_error  atm_6339  atm_6339_error
  2004.532936  194.65481  15.71540  1.00000  45.94500 -90.27300  0.44200  960.30000  24.40000  0.44000  37.81900  0.45700  0.00753  45.10000  0.00240  232.50000  1.20000  6.9447E+21  2.1087E+20  6.4761E+21  9.3720E+19  7.3758E+21  9.3720E+19  7.7655E+21  8.5910E+19  7.6374E+21  1.0934E+20  7.6655E+21  9.3720E+19  7.6936E+21  5.3889E+19  7.7022E+21  6.4042E+19
  2004.532966  194.66593  15.98240  2.00000  45.94500 -90.27300  0.44200  959.90000  25.10000  0.45000  35.40000  0.46100  0.00753  45.10000  0.00240  228.30000  3.10000  6.9404E+21  2.1079E+20  6.4689E+21  9.3684E+19  7.3862E+21  9.3684E+19  7.7742E+21  9.3684E+19  7.6352E+21  1.0930E+20  7.6594E+21  9.3684E+19  7.7055E+21  5.5430E+19  7.7118E+21  6.6360E+19
  2004.532987  194.67356  16.16550  3.00000  45.94500 -90.27300  0.44200  959.90000  25.10000  0.46000  33.81300  0.46100  0.00753  45.10000  0.00240  234.30000  2.10000  6.9350E+21  2.1079E+20  6.4634E+21  9.3684E+19  7.3784E+21  9.3684E+19  7.7617E+21  9.3684E+19  7.6306E+21  1.0930E+20  7.6532E+21  9.3684E+19  7.6969E+21  5.4649E+19  7.7000E+21  6.5579E+19
  2004.532992  194.67524  16.20580  4.00000  45.94500 -90.27300  0.44200  959.90000  25.30000  0.46000  33.47300  0.46100  0.00753  45.10000  0.00240  232.10000  2.60000  6.9412E+21  4.5281E+21  6.3299E+21  1.3272E+21  7.3651E+21  1.9518E+21  7.7196E+21  2.0298E+21  7.6376E+21  4.4500E+21  7.4908E+21  1.3272E+21  7.6844E+21  1.9518E+21  7.6610E+21  2.0298E+21
  2004.533013  194.68295  16.39080  5.00000  45.94500 -90.27300  0.44200  959.90000  25.90000  0.46000  31.95800  0.46100  0.00753  45.10000  0.00240  227.80000  3.80000  6.9256E+21  2.1860E+20  6.4564E+21  1.0149E+20  7.3729E+21  1.1710E+20  7.7594E+21  1.0930E+20  7.6220E+21  1.2491E+20  7.6446E+21  1.0149E+20  7.6922E+21  8.5877E+19  7.6977E+21  9.3684E+19
  2004.533044  194.69420  16.66080  6.00000  45.94500 -90.27300  0.44200  959.80000  25.50000  0.47000  29.90800  0.46100  0.00753  45.10000  0.00240  228.20000  6.20000  6.9130E+21  2.1076E+20  6.4306E+21  1.0148E+20  7.3618E+21  1.0148E+20  7.7490E+21  1.0148E+20  7.6093E+21  1.0928E+20  7.6155E+21  1.0148E+20  7.6803E+21  6.6351E+19  7.6881E+21  7.4938E+19
  2004.533055  194.69825  16.75810  7.00000  45.94500 -90.27300  0.44200  959.60000  25.70000  0.47000  29.22300  0.46300  0.00753  45.10000  0.00240  232.50000  0.90000  6.9168E+21  2.1074E+20  6.4586E+21  1.0146E+20  7.3656E+21  1.0146E+20  7.7527E+21  9.3660E+19  7.6138E+21  1.0927E+20  7.6489E+21  1.0146E+20  7.6848E+21  5.9318E+19  7.6918E+21  6.9464E+19
  2004.533058  194.69945  16.78680  8.00000  45.94500 -90.27300  0.44200  959.50000  26.00000  0.47000  29.02700  0.46400  0.00753  45.10000  0.00240  232.80000  1.70000  6.9182E+21  2.1071E+20  6.4586E+21  9.3648E+19  7.3693E+21  1.0145E+20  7.7541E+21  9.3648E+19  7.6159E+21  1.0926E+20  7.6487E+21  1.0145E+20  7.6885E+21  5.8530E+19  7.6940E+21  6.8675E+19
  2004.533069  194.70335  16.88030  9.00000  45.94500 -90.27300  0.44200  959.40000  26.30000  0.50000  28.40900  0.46500  0.00753  45.10000  0.00240  232.60000  1.50000  6.9135E+21  2.1068E+20  6.4562E+21  9.3636E+19  7.3676E+21  1.0144E+20  7.7523E+21  9.3636E+19  7.6110E+21  1.0924E+20  7.6454E+21  1.0144E+20  7.6860E+21  5.9303E+19  7.6914E+21  6.9447E+19
  2004.533070  194.70369  16.88860  10.00000  45.94500 -90.27300  0.44200  959.30000  26.30000  0.50000  28.35600  0.46600  0.00753  45.10000  0.00240  231.50000  1.00000  6.9149E+21  2.1065E+20  6.4530E+21  9.3624E+19  7.3627E+21  1.0143E+20  7.7474E+21  9.3624E+19  7.6124E+21  1.0923E+20  7.6413E+21  1.0143E+20  7.6818E+21  6.0075E+19  7.6873E+21  6.9438E+19
  2004.533074  194.70537  16.92890  11.00000  45.94500 -90.27300  0.44200  959.20000  26.10000  0.50000  28.10000  0.46700  0.00753  45.10000  0.00240  233.00000  1.20000  6.9140E+21  2.1063E+20  6.4491E+21  9.3612E+19  7.3657E+21  1.0141E+20  7.7495E+21  9.3612E+19  7.6122E+21  1.0921E+20  7.6356E+21  1.0141E+20  7.6848E+21  5.9288E+19  7.6887E+21  6.8649E+19
  2004.533078  194.70673  16.96160  12.00000  45.94500 -90.27300  0.44200  959.00000  26.10000  0.50000  27.89700  0.46900  0.00753  45.10000  0.00240  236.00000  1.00000  6.9186E+21  2.1060E+20  6.4537E+21  1.0140E+20  7.3694E+21  1.0140E+20  7.7532E+21  9.3600E+19  7.6167E+21  1.0920E+20  7.6424E+21  1.0140E+20  7.6885E+21  6.0060E+19  7.6924E+21  7.0200E+19
  2004.533083  194.70842  17.00200  13.00000  45.94500 -90.27300  0.44200  959.00000  26.20000  0.50000  27.65300  0.46900  0.00753  45.10000  0.00240  235.80000  1.10000  6.9209E+21  2.1060E+20  6.4483E+21  1.0140E+20  7.3694E+21  1.0140E+20  7.7532E+21  9.3600E+19  7.6198E+21  1.0920E+20  7.6354E+21  1.0140E+20  7.6885E+21  5.9280E+19  7.6924E+21  6.9420E+19
  2004.533083  194.70874  17.00970  14.00000  45.94500 -90.27300  0.44200  958.90000  26.30000  0.50000  27.60700  0.47000  0.00753  45.10000  0.00240  236.30000  1.20000  6.9208E+21  2.1057E+20  6.4545E+21  9.3588E+19  7.3708E+21  1.0139E+20  7.7561E+21  9.3588E+19  7.6196E+21  1.0919E+20  7.6438E+21  1.0139E+20  7.6898E+21  5.8492E+19  7.6961E+21  6.8631E+19
  2004.533088  194.71042  17.05000  15.00000  45.94500 -90.27300  0.44200  958.90000  26.40000  0.50000  27.37000  0.47000  0.00753  45.10000  0.00240  237.20000  1.00000  6.9247E+21  2.1057E+20  6.4568E+21  1.0139E+20  7.3724E+21  1.0139E+20  7.7600E+21  9.3588E+19  7.6235E+21  1.0919E+20  7.6469E+21  1.0139E+20  7.6914E+21  5.9272E+19  7.7000E+21  7.0191E+19
  2004.533089  194.71076  17.05830  16.00000  45.94500 -90.27300  0.44200  958.90000  26.20000  0.50000  27.32300  0.47000  0.00753  45.10000  0.00240  237.30000  0.90000  6.9240E+21  2.1057E+20  6.4591E+21  9.3588E+19  7.3724E+21  1.0139E+20  7.7592E+21  9.3588E+19  7.6227E+21  1.0919E+20  7.6493E+21  1.0139E+20  7.6914E+21  5.9272E+19  7.6992E+21  6.9411E+19
  2004.533094  194.71244  17.09860  17.00000  45.94500 -90.27300  0.44200  958.90000  26.10000  0.50000  27.09500  0.47000  0.00753  45.10000  0.00240  237.40000  0.80000  6.9271E+21  2.1057E+20  6.4552E+21  9.3588E+19  7.3763E+21  1.0139E+20  7.7616E+21  9.3588E+19  7.6266E+21  1.0919E+20  7.6430E+21  1.0139E+20  7.6961E+21  5.9272E+19  7.7007E+21  7.0191E+19
  2004.533095  194.71277  17.10640  18.00000  45.94500 -90.27300  0.44200  958.80000  26.20000  0.50000  27.05100  0.47100  0.00753  45.10000  0.00240  237.40000  1.00000  6.9254E+21  2.2614E+20  6.4209E+21  1.0137E+20  7.3777E+21  1.3257E+20  7.7660E+21  1.3257E+20  7.6249E+21  1.4816E+20  7.6038E+21  1.0917E+20  7.6974E+21  1.0917E+20  7.7052E+21  1.1697E+20
  2004.533100  194.71490  17.15770  19.00000  45.94500 -90.27300  0.44200  958.70000  26.50000  0.51000  26.77300  0.47200  0.00753  45.10000  0.00240  236.70000  0.80000  6.9191E+21  2.1832E+20  6.4364E+21  1.0136E+20  7.3736E+21  1.0916E+20  7.7580E+21  1.0916E+20  7.6184E+21  1.2475E+20  7.6223E+21  1.0136E+20  7.6925E+21  7.7970E+19  7.6980E+21  8.5767E+19
  2004.533106  194.71710  17.21050  20.00000  45.94500 -90.27300  0.44200  958.60000  26.60000  0.51000  26.49900  0.47300  0.00753  45.10000  0.00240  236.90000  1.10000  6.9151E+21  2.1049E+20  6.4574E+21  1.0135E+20  7.3664E+21  1.0135E+20  7.7539E+21  9.3552E+19  7.6136E+21  1.0914E+20  7.6471E+21  1.0135E+20  7.6861E+21  6.0809E+19  7.6931E+21  7.0944E+19
  2004.533111  194.71875  17.25000  21.00000  45.94500 -90.27300  0.44200  958.60000  26.50000  0.51000  26.30200  0.47300  0.00753  45.10000  0.00240  236.90000  1.00000  6.9174E+21  2.1049E+20  6.4527E+21  1.0135E+20  7.3680E+21  1.0135E+20  7.7555E+21  9.3552E+19  7.6167E+21  1.0914E+20  7.6416E+21  1.0135E+20  7.6869E+21  6.0809E+19  7.6954E+21  7.0944E+19
  2004.533112  194.71912  17.25880  22.00000  45.94500 -90.27300  0.44200  958.60000  26.50000  0.51000  26.25900  0.47300  0.00753  45.10000  0.00240  236.80000  0.80000  6.9158E+21  2.1049E+20  6.4574E+21  1.0135E+20  7.3672E+21  1.0135E+20  7.7531E+21  1.0135E+20  7.6151E+21  1.0914E+20  7.6479E+21  1.0135E+20  7.6861E+21  6.0809E+19  7.6923E+21  7.0944E+19
  2004.533116  194.72080  17.29920  23.00000  45.94500 -90.27300  0.44200  958.50000  26.50000  0.51000  26.06800  0.47300  0.00753  45.10000  0.00240  236.30000  0.70000  6.9174E+21  2.1049E+20  6.4512E+21  1.0135E+20  7.3688E+21  1.0135E+20  7.7523E+21  9.3552E+19  7.6167E+21  1.0914E+20  7.6401E+21  1.0135E+20  7.6876E+21  6.0029E+19  7.6923E+21  7.0164E+19
  2004.533118  194.72118  17.30830  24.00000  45.94500 -90.27300  0.44200  958.40000  26.40000  0.51000  26.02500  0.47400  0.00753  45.10000  0.00240  237.20000  0.80000  6.9188E+21  2.1046E+20  6.4605E+21  1.0134E+20  7.3694E+21  1.0134E+20  7.7552E+21  9.3540E+19  7.6181E+21  1.0913E+20  7.6508E+21  1.0134E+20  7.6882E+21  6.0022E+19  7.6952E+21  7.0155E+19
  2004.533122  194.72283  17.34780  25.00000  45.94500 -90.27300  0.44200  958.40000  26.40000  0.51000  25.84700  0.47400  0.00753  45.10000  0.00240  237.90000  1.10000  6.9181E+21  2.1046E+20  6.4441E+21  1.0134E+20  7.3694E+21  1.0134E+20  7.7537E+21  9.3540E+19  7.6173E+21  1.0913E+20  7.6313E+21  1.0134E+20  7.6882E+21  6.0801E+19  7.6929E+21  7.1714E+19
  2004.533123  194.72317  17.35610  26.00000  45.94500 -90.27300  0.44200  958.40000  26.40000  0.51000  25.81100  0.47400  0.00753  45.10000  0.00240  237.60000  1.10000  6.9181E+21  2.1046E+20  6.4465E+21  1.0134E+20  7.3702E+21  1.0134E+20  7.7584E+21  1.0134E+20  7.6173E+21  1.0913E+20  7.6336E+21  1.0134E+20  7.6890E+21  6.0801E+19  7.6983E+21  7.0935E+19
  2004.533128  194.72485  17.39650  27.00000  45.94500 -90.27300  0.44200  958.50000  26.50000  0.51000  25.63900  0.47300  0.00753  45.10000  0.00240  236.70000  1.50000  6.9119E+21  2.1049E+20  6.4418E+21  1.0135E+20  7.3633E+21  1.0135E+20  7.7555E+21  1.0135E+20  7.6112E+21  1.0914E+20  7.6299E+21  1.0135E+20  7.6822E+21  6.2368E+19  7.6954E+21  7.2503E+19
  2004.533129  194.72521  17.40500  28.00000  45.94500 -90.27300  0.44200  958.50000  26.60000  0.51000  25.60300  0.47300  0.00753  45.10000  0.00240  236.30000  1.20000  6.9158E+21  2.1049E+20  6.4527E+21  1.0135E+20  7.3688E+21  1.0135E+20  7.7562E+21  1.0135E+20  7.6151E+21  1.0914E+20  7.6424E+21  1.0135E+20  7.6884E+21  6.2368E+19  7.6962E+21  7.1723E+19
  2004.533133  194.72685  17.44450  29.00000  45.94500 -90.27300  0.44200  958.60000  26.80000  0.51000  25.44500  0.47300  0.00753  45.10000  0.00240  235.40000  1.70000  6.9158E+21  2.1049E+20  6.4527E+21  1.0135E+20  7.3680E+21  1.0135E+20  7.7570E+21  1.0135E+20  7.6151E+21  1.0914E+20  7.6432E+21  1.0135E+20  7.6869E+21  6.3148E+19  7.6970E+21  7.3282E+19
  2004.533134  194.72722  17.45330  30.00000  45.94500 -90.27300  0.44200  958.60000  27.00000  0.51000  25.41000  0.47300  0.00753  45.10000  0.00240  235.00000  1.30000  6.9127E+21  2.2608E+20  6.4029E+21  1.0914E+20  7.3688E+21  1.4033E+20  7.7617E+21  1.3253E+20  7.6120E+21  1.4033E+20  7.5839E+21  1.0914E+20  7.6876E+21  1.0914E+20  7.7017E+21  1.1694E+20
  2005.539121  196.91409  21.93810  31.00000  45.94500 -90.27300  0.44200  959.00000  24.10000  0.78000  52.20400  0.45000  0.00753  45.05000  0.00240  210.40000  1.20000  6.9383E+21  2.2585E+20  6.4461E+21  1.0124E+20  7.3379E+21  1.0903E+20  7.7280E+21  1.0124E+20  7.6190E+21  1.0903E+20  7.6291E+21  1.0124E+20  7.6494E+21  5.9968E+19  7.6611E+21  6.9313E+19
  2005.539122  196.91448  21.94750  32.00000  45.94500 -90.27300  0.44200  959.00000  24.10000  0.78000  52.30100  0.45000  0.00753  45.05000  0.00240  209.50000  1.20000  6.9391E+21  2.2585E+20  6.4524E+21  1.0124E+20  7.3379E+21  1.0903E+20  7.7257E+21  1.0124E+20  7.6198E+21  1.0903E+20  7.6369E+21  1.0124E+20  7.6494E+21  5.9968E+19  7.6587E+21  7.0092E+19
  2005.539127  196.91612  21.98700  33.00000  45.94500 -90.27300  0.44200  959.10000  24.00000  0.78000  52.71000  0.44900  0.00753  45.05000  0.00240  209.90000  0.80000  6.9307E+21  4.5955E+21  6.3496E+21  1.4020E+21  7.3528E+21  2.2588E+21  7.6986E+21  2.2588E+21  7.6083E+21  4.5955E+21  7.5187E+21  1.4020E+21  7.6620E+21  2.2588E+21  7.6262E+21  2.2588E+21
  2005.539130  196.91737  22.01690  34.00000  45.94500 -90.27300  0.44200  959.10000  24.00000  0.78000  53.02000  0.44900  0.00753  45.05000  0.00240  209.70000  1.30000  6.9431E+21  2.2588E+20  6.4540E+21  1.0126E+20  7.3419E+21  1.0905E+20  7.7321E+21  1.0126E+20  7.6231E+21  1.0905E+20  7.6379E+21  1.0126E+20  7.6535E+21  5.9196E+19  7.6644E+21  6.9322E+19
  2005.539135  196.91902  22.05640  35.00000  45.94500 -90.27300  0.44200  959.10000  24.00000  0.78000  53.42900  0.44900  0.00753  45.05000  0.00240  209.00000  1.70000  6.9431E+21  2.2588E+20  6.4477E+21  1.0126E+20  7.3388E+21  1.0905E+20  7.7251E+21  1.0126E+20  7.6223E+21  1.0905E+20  7.6293E+21  1.0126E+20  7.6504E+21  5.8417E+19  7.6574E+21  6.7764E+19
  2005.539136  196.91941  22.06580  36.00000  45.94500 -90.27300  0.44200  959.10000  24.10000  0.78000  53.52700  0.44900  0.00753  45.05000  0.00240  209.00000  1.60000  6.9447E+21  2.2588E+20  6.4501E+21  1.0126E+20  7.3396E+21  1.0905E+20  7.7275E+21  1.0126E+20  7.6239E+21  1.0905E+20  7.6324E+21  1.0126E+20  7.6511E+21  5.9196E+19  7.6597E+21  6.8543E+19
  2005.539140  196.92105  22.10530  37.00000  45.94500 -90.27300  0.44200  959.10000  24.20000  0.78000  53.93600  0.44900  0.00753  45.05000  0.00240  209.30000  1.10000  6.9439E+21  2.2588E+20  6.4555E+21  1.0126E+20  7.3372E+21  1.0905E+20  7.7244E+21  1.0126E+20  7.6231E+21  1.0905E+20  7.6395E+21  1.0126E+20  7.6480E+21  5.9975E+19  7.6566E+21  6.9322E+19
  2005.539141  196.92141  22.11390  38.00000  45.94500 -90.27300  0.44200  959.10000  24.20000  0.78000  54.02600  0.44900  0.00753  45.05000  0.00240  209.40000  1.60000  6.9439E+21  2.2588E+20  6.4633E+21  1.0126E+20  7.3349E+21  1.0905E+20  7.7275E+21  1.0126E+20  7.6231E+21  1.0905E+20  7.6496E+21  1.0126E+20  7.6465E+21  6.0754E+19  7.6597E+21  7.0101E+19
  2005.539146  196.92309  22.15420  39.00000  45.94500 -90.27300  0.44200  959.10000  24.20000  0.78000  54.44500  0.44900  0.00753  45.05000  0.00240  208.90000  1.70000  6.9416E+21  2.2588E+20  6.4516E+21  1.0126E+20  7.3326E+21  1.0905E+20  7.7228E+21  1.0126E+20  7.6192E+21  1.0905E+20  7.6348E+21  1.0126E+20  7.6433E+21  5.9196E+19  7.6543E+21  6.8543E+19
  2005.539150  196.92445  22.18690  40.00000  45.94500 -90.27300  0.44200  959.00000  24.30000  0.78000  54.78400  0.45000  0.00753  45.05000  0.00240  208.30000  1.60000  6.9469E+21  2.2585E+20  6.4570E+21  1.0124E+20  7.3379E+21  1.0903E+20  7.7288E+21  1.0124E+20  7.6252E+21  1.1682E+20  7.6408E+21  1.0124E+20  7.6486E+21  5.9189E+19  7.6603E+21  6.9313E+19
  2005.539154  196.92613  22.22720  41.00000  45.94500 -90.27300  0.44200  959.10000  24.40000  0.78000  55.20400  0.44900  0.00753  45.05000  0.00240  208.00000  1.70000  6.9462E+21  2.2588E+20  6.4508E+21  1.0126E+20  7.3357E+21  1.0905E+20  7.7228E+21  1.0126E+20  7.6247E+21  1.1683E+20  7.6332E+21  1.0126E+20  7.6465E+21  5.9975E+19  7.6543E+21  7.0101E+19
  2005.539155  196.92648  22.23550  42.00000  45.94500 -90.27300  0.44200  959.00000  24.20000  0.78000  55.29000  0.45000  0.00753  45.05000  0.00240  207.20000  2.00000  6.9500E+21  2.2585E+20  6.4625E+21  1.0124E+20  7.3394E+21  1.0903E+20  7.7265E+21  1.0124E+20  7.6283E+21  1.1682E+20  7.6463E+21  1.0124E+20  7.6502E+21  5.9189E+19  7.6587E+21  6.9313E+19
  2005.539160  196.92814  22.27530  43.00000  45.94500 -90.27300  0.44200  959.00000  24.20000  0.78000  55.70400  0.45000  0.00753  45.05000  0.00240  206.90000  2.20000  6.9477E+21  4.5949E+21  6.3978E+21  1.4018E+21  7.3978E+21  2.3364E+21  7.7802E+21  2.3364E+21  7.6252E+21  4.5949E+21  7.5824E+21  1.4797E+21  7.7086E+21  2.3364E+21  7.7039E+21  2.3364E+21
  2005.539163  196.92934  22.30420  44.00000  45.94500 -90.27300  0.44200  959.00000  24.10000  0.78000  56.00500  0.45000  0.00753  45.05000  0.00240  206.20000  1.90000  6.9500E+21  2.3364E+20  6.4601E+21  1.0124E+20  7.3340E+21  1.0903E+20  7.7241E+21  1.0124E+20  7.6276E+21  1.1682E+20  7.6439E+21  1.0124E+20  7.6447E+21  5.9968E+19  7.6556E+21  7.0092E+19
  2005.539168  196.93102  22.34450  45.00000  45.94500 -90.27300  0.44200  959.10000  24.10000  0.78000  56.42500  0.44900  0.00753  45.05000  0.00240  206.20000  2.10000  6.9501E+21  2.3367E+20  6.4586E+21  1.0126E+20  7.3349E+21  1.0905E+20  7.7275E+21  1.0126E+20  7.6270E+21  1.1683E+20  7.6426E+21  1.0126E+20  7.6457E+21  5.9975E+19  7.6581E+21  6.9322E+19
  2005.539169  196.93146  22.35500  46.00000  45.94500 -90.27300  0.44200  959.10000  24.10000  0.78000  56.53400  0.44900  0.00753  45.05000  0.00240  204.60000  2.10000  6.9540E+21  2.3367E+20  6.4610E+21  1.0126E+20  7.3388E+21  1.0905E+20  7.7314E+21  1.0126E+20  7.6309E+21  1.1683E+20  7.6457E+21  1.0126E+20  7.6496E+21  5.9975E+19  7.6620E+21  6.9322E+19
  2005.539173  196.93312  22.39480  47.00000  45.94500 -90.27300  0.44200  959.10000  24.00000  0.78000  56.94900  0.44900  0.00753  45.05000  0.00240  205.10000  1.90000  6.9532E+21  2.3367E+20  6.4579E+21  1.0126E+20  7.3333E+21  1.0905E+20  7.7236E+21  1.0126E+20  7.6293E+21  1.1683E+20  7.6418E+21  1.0126E+20  7.6433E+21  5.9196E+19  7.6543E+21  7.0101E+19
  2005.539174  196.93348  22.40360  48.00000  45.94500 -90.27300  0.44200  959.00000  24.10000  0.78000  57.04100  0.45000  0.00753  45.05000  0.00240  205.50000  2.10000  6.9555E+21  2.3364E+20  6.4586E+21  1.0124E+20  7.3394E+21  1.0903E+20  7.7296E+21  1.0124E+20  7.6322E+21  1.1682E+20  7.6424E+21  1.0124E+20  7.6494E+21  5.9968E+19  7.6611E+21  6.9313E+19
  2005.539179  196.93516  22.44390  49.00000  45.94500 -90.27300  0.44200  959.00000  24.00000  0.78000  57.46200  0.45000  0.00753  45.05000  0.00240  204.60000  1.60000  6.9539E+21  2.3364E+20  6.4539E+21  1.0124E+20  7.3355E+21  1.0903E+20  7.7273E+21  1.0124E+20  7.6299E+21  1.1682E+20  7.6361E+21  1.0124E+20  7.6455E+21  5.9189E+19  7.6579E+21  7.0092E+19
  2005.539180  196.93552  22.45250  50.00000  45.94500 -90.27300  0.44200  959.00000  23.90000  0.78000  57.55100  0.45000  0.00753  45.05000  0.00240  205.10000  2.10000  6.9586E+21  2.3364E+20  6.4578E+21  1.0124E+20  7.3379E+21  1.0903E+20  7.7273E+21  1.0124E+20  7.6346E+21  1.1682E+20  7.6408E+21  1.0124E+20  7.6478E+21  5.9189E+19  7.6579E+21  6.9313E+19
  2005.539185  196.93717  22.49200  51.00000  45.94500 -90.27300  0.44200  959.00000  23.90000  0.78000  57.96300  0.45000  0.00753  45.05000  0.00240  203.20000  2.00000  6.9555E+21  2.3364E+20  6.4570E+21  1.0124E+20  7.3324E+21  1.0903E+20  7.7249E+21  1.0124E+20  7.6299E+21  1.1682E+20  7.6392E+21  1.0124E+20  7.6424E+21  5.9189E+19  7.6556E+21  6.9313E+19
  2005.539186  196.93751  22.50030  52.00000  45.94500 -90.27300  0.44200  959.10000  23.90000  0.78000  58.04900  0.44900  0.00753  45.05000  0.00240  202.60000  1.90000  6.9587E+21  2.3367E+20  6.4633E+21  1.0126E+20  7.3388E+21  1.0905E+20  7.7259E+21  1.0126E+20  7.6340E+21  1.1683E+20  7.6480E+21  1.0126E+20  7.6488E+21  5.8417E+19  7.6566E+21  6.9322E+19
  2005.539190  196.93919  22.54060  53.00000  45.94500 -90.27300  0.44200  959.10000  23.90000  0.78000  58.47000  0.44900  0.00753  45.05000  0.00240  202.60000  1.60000  6.9564E+21  2.3367E+20  6.4555E+21  1.0126E+20  7.3333E+21  1.1683E+20  7.7236E+21  1.0905E+20  7.6309E+21  1.1683E+20  7.6387E+21  1.0126E+20  7.6426E+21  5.9975E+19  7.6543E+21  7.0880E+19
  2005.539191  196.93955  22.54920  54.00000  45.94500 -90.27300  0.44200  959.10000  23.90000  0.79000  58.55900  0.44900  0.00753  45.05000  0.00240  202.20000  2.30000  6.9525E+21  2.3367E+20  6.4470E+21  1.0126E+20  7.3209E+21  1.1683E+20  7.7119E+21  1.0905E+20  7.6270E+21  1.1683E+20  7.6278E+21  1.0126E+20  7.6301E+21  6.0754E+19  7.6426E+21  7.0880E+19
  2005.539196  196.94120  22.58870  55.00000  45.94500 -90.27300  0.44200  959.20000  24.00000  0.79000  58.97100  0.44800  0.00753  45.05000  0.00240  200.10000  4.60000  7.1356E+21  2.7265E+20  6.6223E+21  1.1685E+20  7.6319E+21  1.3243E+20  8.0128E+21  1.2464E+20  7.8282E+21  1.7138E+20  7.8336E+21  1.2464E+20  7.9536E+21  9.3480E+19  7.9396E+21  1.0127E+20
  2005.539197  196.94156  22.59750  56.00000  45.94500 -90.27300  0.44200  959.10000  24.00000  0.78000  59.06400  0.44900  0.00753  45.05000  0.00240  200.40000  3.20000  6.8808E+21  3.1156E+20  6.4298E+21  1.5578E+20  7.2508E+21  1.6357E+20  7.6465E+21  1.5578E+20  7.5475E+21  2.3367E+20  7.6052E+21  1.5578E+20  7.5553E+21  1.3241E+20  7.5764E+21  1.4020E+20
  2005.539201  196.94322  22.63730  57.00000  45.94500 -90.27300  0.44200  959.10000  24.10000  0.78000  59.47800  0.44900  0.00753  45.05000  0.00240  200.60000  1.80000  6.9610E+21  2.4146E+20  6.4555E+21  1.0905E+20  7.3326E+21  1.1683E+20  7.7244E+21  1.0905E+20  7.6348E+21  1.2462E+20  7.6379E+21  1.0905E+20  7.6418E+21  6.6985E+19  7.6543E+21  7.7890E+19
  2005.539202  196.94357  22.64560  58.00000  45.94500 -90.27300  0.44200  959.20000  24.10000  0.78000  59.56500  0.44800  0.00753  45.05000  0.00240  200.50000  2.00000  6.9643E+21  2.3370E+20  6.4657E+21  1.0127E+20  7.3366E+21  1.1685E+20  7.7300E+21  1.0906E+20  7.6381E+21  1.1685E+20  7.6506E+21  1.0127E+20  7.6459E+21  5.9983E+19  7.6599E+21  7.0110E+19
  2005.539207  196.94525  22.68590  59.00000  45.94500 -90.27300  0.44200  959.20000  24.20000  0.78000  59.98600  0.44800  0.00753  45.05000  0.00240  197.00000  2.70000  6.9682E+21  2.4149E+20  6.4789E+21  1.0127E+20  7.3584E+21  1.0906E+20  7.7479E+21  1.0127E+20  7.6428E+21  1.2464E+20  7.6654E+21  1.0127E+20  7.6685E+21  5.9204E+19  7.6778E+21  7.0110E+19
  2005.539213  196.94759  22.74220  60.00000  45.94500 -90.27300  0.44200  959.20000  24.10000  0.79000  60.57400  0.44800  0.00753  45.05000  0.00240  198.10000  1.80000  6.9650E+21  2.3370E+20  6.4649E+21  1.0127E+20  7.3304E+21  1.1685E+20  7.7222E+21  1.0906E+20  7.6381E+21  1.1685E+20  7.6482E+21  1.0127E+20  7.6389E+21  5.9983E+19  7.6521E+21  7.0110E+19
  2005.539218  196.94928  22.78260  61.00000  45.94500 -90.27300  0.44200  959.20000  24.10000  0.79000  60.99400  0.44800  0.00753  45.05000  0.00240  198.00000  2.30000  6.9682E+21  2.3370E+20  6.4579E+21  1.0127E+20  7.3351E+21  1.1685E+20  7.7277E+21  1.0906E+20  7.6404E+21  1.1685E+20  7.6397E+21  1.0906E+20  7.6435E+21  5.8425E+19  7.6568E+21  6.9331E+19
  2005.539219  196.94961  22.79060  62.00000  45.94500 -90.27300  0.44200  959.10000  24.10000  0.79000  61.07800  0.44900  0.00753  45.05000  0.00240  197.20000  1.90000  6.9704E+21  2.3367E+20  6.4680E+21  1.0126E+20  7.3372E+21  1.1683E+20  7.7259E+21  1.0905E+20  7.6433E+21  1.1683E+20  7.6511E+21  1.0905E+20  7.6457E+21  5.9196E+19  7.6550E+21  6.9322E+19
  2005.539230  196.95378  22.89060  63.00000  45.94500 -90.27300  0.44200  959.00000  24.00000  0.79000  62.12000  0.45000  0.00753  45.05000  0.00240  194.80000  2.10000  6.9928E+21  2.4143E+20  6.4960E+21  1.0903E+20  7.3791E+21  1.1682E+20  7.7701E+21  1.0903E+20  7.6665E+21  1.2461E+20  7.6852E+21  1.0903E+20  7.6899E+21  6.0746E+19  7.6984E+21  7.1650E+19
  2005.539235  196.95542  22.93010  64.00000  45.94500 -90.27300  0.44200  959.00000  24.00000  0.79000  62.53200  0.45000  0.00753  45.05000  0.00240  189.30000  6.80000  7.0100E+21  2.8816E+21  6.5396E+21  1.0903E+21  7.3955E+21  1.9470E+21  7.8044E+21  1.8691E+21  7.6852E+21  2.8037E+21  7.7397E+21  1.0903E+21  7.7086E+21  1.9470E+21  7.7311E+21  1.8691E+21
  2005.539243  196.95836  23.00060  65.00000  45.94500 -90.27300  0.44200  959.10000  24.00000  0.79000  63.26600  0.44900  0.00753  45.05000  0.00240  195.00000  3.30000  6.9930E+21  2.4146E+20  6.4945E+21  1.0905E+20  7.3598E+21  1.1683E+20  7.7555E+21  1.0905E+20  7.6652E+21  1.2462E+20  7.6823E+21  1.0905E+20  7.6683E+21  6.0754E+19  7.6838E+21  7.1659E+19
  2005.539248  196.96035  23.04840  66.00000  45.94500 -90.27300  0.44200  959.00000  23.90000  0.79000  63.76300  0.45000  0.00753  45.05000  0.00240  193.20000  1.70000  6.9765E+21  2.4143E+20  6.4555E+21  1.0903E+20  7.3145E+21  1.1682E+20  7.7054E+21  1.0903E+20  7.6463E+21  1.2461E+20  7.6361E+21  1.0903E+20  7.6213E+21  5.9968E+19  7.6346E+21  7.0871E+19
  2005.539253  196.96203  23.08870  67.00000  45.94500 -90.27300  0.44200  959.00000  24.00000  0.79000  64.18300  0.45000  0.00753  45.05000  0.00240  189.40000  3.50000  6.9562E+21  2.3364E+20  6.3885E+21  1.0903E+20  7.2771E+21  1.2461E+20  7.6720E+21  1.1682E+20  7.6237E+21  1.2461E+20  7.5559E+21  1.0903E+20  7.5824E+21  6.7756E+19  7.6003E+21  7.7880E+19
  2005.539254  196.96239  23.09730  68.00000  45.94500 -90.27300  0.44200  959.00000  24.00000  0.79000  64.27200  0.45000  0.00753  45.05000  0.00240  193.20000  2.70000  6.9835E+21  2.4143E+20  6.4796E+21  1.0903E+20  7.3324E+21  1.1682E+20  7.7257E+21  1.0903E+20  7.6533E+21  1.2461E+20  7.6642E+21  1.0903E+20  7.6392E+21  6.1525E+19  7.6533E+21  7.1650E+19
  2005.539258  196.96403  23.13670  69.00000  45.94500 -90.27300  0.44200  959.00000  24.00000  0.79000  64.68200  0.45000  0.00753  45.05000  0.00240  195.40000  1.50000  6.9788E+21  9.3456E+20  6.4251E+21  5.1401E+20  7.3394E+21  9.3456E+20  7.7280E+21  9.3456E+20  7.6486E+21  9.3456E+20  7.5972E+21  5.2180E+20  7.6463E+21  9.3456E+20  7.6533E+21  9.3456E+20
  2005.539261  196.96506  23.16150  70.00000  45.94500 -90.27300  0.44200  959.00000  24.00000  0.79000  64.93900  0.45000  0.00753  45.05000  0.00240  189.80000  7.70000  6.9975E+21  2.4922E+20  6.5193E+21  1.0903E+20  7.3791E+21  1.1682E+20  7.7701E+21  1.0903E+20  7.6681E+21  1.3240E+20  7.7093E+21  1.0903E+20  7.6875E+21  6.3862E+19  7.6969E+21  7.3207E+19
  2005.539272  196.96906  23.25750  71.00000  45.94500 -90.27300  0.44200  958.90000  23.80000  0.79000  65.93500  0.45100  0.00753  45.05000  0.00240  188.40000  5.70000  7.0270E+21  2.7255E+20  6.6493E+21  1.2459E+20  7.4156E+21  1.4017E+20  7.8065E+21  1.3238E+20  7.6990E+21  1.6353E+20  7.8618E+21  1.2459E+20  7.7247E+21  1.0123E+20  7.7325E+21  1.0902E+20
  2005.539276  196.97071  23.29700  72.00000  45.94500 -90.27300  0.44200  958.90000  23.80000  0.79000  66.34400  0.45100  0.00753  45.05000  0.00240  190.10000  1.70000  6.9826E+21  2.4140E+20  6.4601E+21  1.0902E+20  7.3245E+21  1.1680E+20  7.7193E+21  1.0902E+20  7.6507E+21  1.2459E+20  7.6398E+21  1.0902E+20  7.6313E+21  5.9960E+19  7.6468E+21  7.0862E+19
  2005.539277  196.97107  23.30560  73.00000  45.94500 -90.27300  0.44200  958.90000  23.90000  0.79000  66.43300  0.45100  0.00753  45.05000  0.00240  189.80000  1.60000  6.9857E+21  2.4918E+20  6.4671E+21  1.0902E+20  7.3276E+21  1.1680E+20  7.7224E+21  1.0902E+20  7.6538E+21  1.2459E+20  7.6476E+21  1.0902E+20  7.6336E+21  5.9960E+19  7.6492E+21  7.0862E+19
  2005.539282  196.97271  23.34510  74.00000  45.94500 -90.27300  0.44200  958.90000  23.90000  0.79000  66.84200  0.45100  0.00753  45.05000  0.00240  189.20000  1.80000  6.7887E+21  1.7131E+22  6.9787E+21  2.8033E+22  5.6246E+21  2.4918E+22  8.6545E+21  2.8033E+22  7.4405E+21  1.7131E+22  8.2519E+21  2.8033E+22  5.9010E+21  2.4918E+22  8.6288E+21  2.8033E+22
  2005.539284  196.97362  23.36700  75.00000  45.94500 -90.27300  0.44200  958.90000  24.00000  0.79000  67.06900  0.45100  0.00753  45.05000  0.00240  189.10000  1.60000  6.9881E+21  2.4918E+20  6.4655E+21  1.1680E+20  7.3237E+21  1.2459E+20  7.7177E+21  1.0902E+20  7.6546E+21  1.3238E+20  7.6453E+21  1.1680E+20  7.6297E+21  5.9960E+19  7.6445E+21  7.1640E+19
  2005.539289  196.97527  23.40650  76.00000  45.94500 -90.27300  0.44200  958.90000  23.90000  0.79000  67.47700  0.45100  0.00753  45.05000  0.00240  188.50000  1.70000  6.9865E+21  2.4918E+20  6.4601E+21  1.1680E+20  7.3198E+21  1.2459E+20  7.7107E+21  1.0902E+20  7.6531E+21  1.3238E+20  7.6390E+21  1.1680E+20  7.6250E+21  6.0739E+19  7.6375E+21  7.2419E+19
  2005.539290  196.97565  23.41560  77.00000  45.94500 -90.27300  0.44200  958.90000  23.90000  0.79000  67.57100  0.45100  0.00753  45.05000  0.00240  187.40000  2.00000  6.9919E+21  2.4918E+20  6.4687E+21  1.1680E+20  7.3252E+21  1.2459E+20  7.7208E+21  1.0902E+20  7.6593E+21  1.3238E+20  7.6484E+21  1.1680E+20  7.6313E+21  5.9181E+19  7.6476E+21  7.0862E+19
  2005.539294  196.97730  23.45510  78.00000  45.94500 -90.27300  0.44200  958.90000  23.90000  0.79000  67.97900  0.45100  0.00753  45.05000  0.00240  186.70000  2.40000  6.9888E+21  2.4918E+20  6.4640E+21  1.1680E+20  7.3198E+21  1.2459E+20  7.7115E+21  1.1680E+20  7.6554E+21  1.3238E+20  7.6437E+21  1.1680E+20  7.6250E+21  6.3853E+19  7.6375E+21  7.4755E+19
  2005.539295  196.97768  23.46420  79.00000  45.94500 -90.27300  0.44200  958.90000  23.90000  0.79000  68.07200  0.45100  0.00753  45.05000  0.00240  185.20000  2.10000  6.9912E+21  2.5697E+20  6.4601E+21  1.1680E+20  7.3252E+21  1.2459E+20  7.7177E+21  1.1680E+20  7.6577E+21  1.4795E+20  7.6383E+21  1.1680E+20  7.6305E+21  7.1640E+19  7.6445E+21  7.7870E+19
  2005.539302  196.97992  23.51810  80.00000  45.94500 -90.27300  0.44200  958.90000  23.90000  0.79000  68.62800  0.45100  0.00753  45.05000  0.00240  184.20000  1.30000  6.9865E+21  2.4918E+20  6.4414E+21  1.1680E+20  7.3058E+21  1.2459E+20  7.7006E+21  1.1680E+20  7.6515E+21  1.3238E+20  7.6157E+21  1.1680E+20  7.6102E+21  6.0739E+19  7.6274E+21  7.3198E+19
  2005.539306  196.98160  23.55840  81.00000  45.94500 -90.27300  0.44200  958.90000  23.80000  0.79000  69.04200  0.45100  0.00753  45.05000  0.00240  181.70000  1.40000  6.7817E+21  1.7131E+22  6.3519E+21  2.6476E+22  5.6004E+21  2.3361E+22  6.5333E+21  2.3361E+22  7.4233E+21  1.7131E+22  7.4903E+21  2.6476E+22  5.9703E+21  2.4140E+22  6.8261E+21  2.4140E+22
  2005.539309  196.98249  23.57980  82.00000  45.94500 -90.27300  0.44200  959.00000  23.80000  0.79000  69.26300  0.45000  0.00753  45.05000  0.00240  181.60000  1.60000  7.0014E+21  2.4922E+20  6.4726E+21  1.1682E+20  7.3270E+21  1.2461E+20  7.7202E+21  1.1682E+20  7.6673E+21  1.3240E+20  7.6517E+21  1.1682E+20  7.6322E+21  6.0746E+19  7.6463E+21  7.2428E+19
  2005.539313  196.98415  23.61960  83.00000  45.94500 -90.27300  0.44200  959.00000  23.90000  0.79000  69.67100  0.45000  0.00753  45.05000  0.00240  180.40000  1.10000  6.9983E+21  2.4922E+20  6.4625E+21  1.1682E+20  7.3223E+21  1.2461E+20  7.7148E+21  1.1682E+20  7.6634E+21  1.3240E+20  7.6400E+21  1.1682E+20  7.6268E+21  6.0746E+19  7.6408E+21  7.2428E+19
  2004.540894  197.56157  13.47770  84.00000  45.94500 -90.27300  0.44200  958.60000  20.90000  0.51000  60.79200  0.47400  0.00753  45.05000  0.00240  200.10000  0.90000  6.9751E+21  2.3349E+20  6.4537E+21  1.0118E+20  7.3261E+21  1.0118E+20  7.7083E+21  9.3396E+19  7.6491E+21  1.1674E+20  7.6328E+21  1.0118E+20  7.6343E+21  5.9929E+19  7.6367E+21  6.9269E+19
  2004.540895  197.56190  13.48570  85.00000  45.94500 -90.27300  0.44200  958.70000  21.00000  0.51000  60.70800  0.47400  0.00753  45.06000  0.00240  200.70000  1.00000  6.9751E+21  2.3349E+20  6.4560E+21  1.0118E+20  7.3308E+21  1.0118E+20  7.7098E+21  9.3396E+19  7.6484E+21  1.1674E+20  7.6351E+21  1.0118E+20  7.6390E+21  5.9151E+19  7.6382E+21  6.9269E+19
  2004.540900  197.56359  13.52610  86.00000  45.94500 -90.27300  0.44200  958.60000  21.20000  0.51000  60.28800  0.47400  0.00753  45.05000  0.00240  200.90000  0.90000  6.9736E+21  2.3349E+20  6.4576E+21  1.0118E+20  7.3293E+21  1.0118E+20  7.7098E+21  9.3396E+19  7.6476E+21  1.1674E+20  7.6367E+21  1.0118E+20  7.6375E+21  5.9151E+19  7.6390E+21  6.9269E+19
  2004.540900  197.56390  13.53350  87.00000  45.94500 -90.27300  0.44200  958.60000  21.20000  0.51000  60.21000  0.47400  0.00753  45.06000  0.00240  201.80000  0.80000  6.9697E+21  2.3349E+20  6.4482E+21  1.0118E+20  7.3246E+21  1.0118E+20  7.7052E+21  9.3396E+19  7.6429E+21  1.1674E+20  7.6266E+21  1.0118E+20  7.6328E+21  5.9929E+19  7.6343E+21  6.9269E+19
  2004.540905  197.56558  13.57390  88.00000  45.94500 -90.27300  0.44200  958.70000  21.30000  0.51000  59.78900  0.47400  0.00753  45.05000  0.00240  201.80000  0.80000  6.9689E+21  9.3396E+20  6.4576E+21  4.9033E+20  7.3324E+21  9.3396E+20  7.7192E+21  8.5613E+20  7.6429E+21  8.5613E+20  7.6382E+21  4.9811E+20  7.6413E+21  9.3396E+20  7.6460E+21  8.5613E+20
  2004.540908  197.56670  13.60080  89.00000  45.94500 -90.27300  0.44200  958.70000  21.60000  0.51000  59.50900  0.47400  0.00753  45.06000  0.00240  202.40000  0.90000  6.9673E+21  2.3349E+20  6.4521E+21  9.3396E+19  7.3277E+21  1.0118E+20  7.7106E+21  9.3396E+19  7.6421E+21  1.1674E+20  7.6312E+21  1.0118E+20  7.6359E+21  5.8372E+19  7.6398E+21  6.8490E+19
  2004.540913  197.56838  13.64110  90.00000  45.94500 -90.27300  0.44200  958.70000  21.60000  0.51000  59.08800  0.47400  0.00753  45.05000  0.00240  202.70000  0.90000  6.9673E+21  9.3396E+20  6.4576E+21  5.2146E+20  7.3378E+21  9.3396E+20  7.7200E+21  9.3396E+20  7.6413E+21  9.3396E+20  7.6390E+21  5.2924E+20  7.6476E+21  9.3396E+20  7.6468E+21  9.3396E+20
  2004.540918  197.57039  13.68940  91.00000  45.94500 -90.27300  0.44200  958.70000  21.60000  0.51000  58.58500  0.47400  0.00753  45.06000  0.00240  203.70000  0.90000  6.9681E+21  2.3349E+20  6.4482E+21  9.3396E+19  7.3285E+21  1.0118E+20  7.7091E+21  9.3396E+19  7.6437E+21  1.1674E+20  7.6266E+21  1.0118E+20  7.6375E+21  5.7594E+19  7.6382E+21  6.6934E+19
  2004.540923  197.57203  13.72880  92.00000  45.94500 -90.27300  0.44200  958.80000  21.40000  0.51000  58.17400  0.47300  0.00753  45.05000  0.00240  204.30000  0.90000  6.9605E+21  2.3352E+20  6.4584E+21  9.3408E+19  7.3271E+21  1.0119E+20  7.7069E+21  8.5624E+19  7.6361E+21  1.1676E+20  7.6384E+21  1.0119E+20  7.6361E+21  5.7602E+19  7.6369E+21  6.6942E+19
  2004.540924  197.57240  13.73750  93.00000  45.94500 -90.27300  0.44200  958.90000  21.50000  0.51000  58.08400  0.47200  0.00753  45.06000  0.00240  204.10000  0.70000  6.9598E+21  2.3355E+20  6.4499E+21  9.3420E+19  7.3265E+21  1.0120E+20  7.7040E+21  9.3420E+19  7.6355E+21  1.1677E+20  7.6293E+21  1.0120E+20  7.6355E+21  5.6830E+19  7.6340E+21  6.6951E+19
  2004.540928  197.57407  13.77780  94.00000  45.94500 -90.27300  0.44200  958.90000  21.50000  0.51000  57.66400  0.47200  0.00753  45.05000  0.00240  204.30000  0.70000  6.9621E+21  1.3234E+21  6.3891E+21  6.6951E+20  7.3522E+21  1.2456E+21  7.7165E+21  1.2456E+21  7.6394E+21  1.2456E+21  7.5553E+21  6.7729E+20  7.6612E+21  1.2456E+21  7.6425E+21  1.1677E+21
  2004.540932  197.57525  13.80600  95.00000  45.94500 -90.27300  0.44200  958.80000  21.40000  0.51000  57.37000  0.47300  0.00753  45.06000  0.00240  204.70000  0.90000  6.9636E+21  2.3352E+20  6.4444E+21  9.3408E+19  7.3255E+21  1.0119E+20  7.7085E+21  8.5624E+19  7.6400E+21  1.1676E+20  7.6229E+21  1.0119E+20  7.6353E+21  5.7602E+19  7.6392E+21  6.6942E+19
  2004.540936  197.57690  13.84550  96.00000  45.94500 -90.27300  0.44200  958.80000  21.40000  0.51000  56.95800  0.47300  0.00753  45.05000  0.00240  205.70000  0.90000  6.9597E+21  2.3352E+20  6.4483E+21  9.3408E+19  7.3263E+21  1.0119E+20  7.7093E+21  8.5624E+19  7.6361E+21  1.1676E+20  7.6275E+21  1.0119E+20  7.6353E+21  5.6823E+19  7.6392E+21  6.6164E+19
  2004.540937  197.57725  13.85410  97.00000  45.94500 -90.27300  0.44200  958.90000  21.50000  0.51000  56.86800  0.47200  0.00753  45.06000  0.00240  206.20000  0.90000  6.9551E+21  2.3355E+20  6.4398E+21  9.3420E+19  7.3272E+21  1.0120E+20  7.7048E+21  8.5635E+19  7.6316E+21  1.1677E+20  7.6176E+21  1.0120E+20  7.6371E+21  5.6052E+19  7.6355E+21  6.6172E+19
  2004.540942  197.57893  13.89440  98.00000  45.94500 -90.27300  0.44200  958.90000  21.60000  0.51000  56.44900  0.47200  0.00753  45.05000  0.00240  206.40000  1.00000  6.9528E+21  2.3355E+20  6.4538E+21  9.3420E+19  7.3257E+21  1.0120E+20  7.7087E+21  8.5635E+19  7.6293E+21  1.1677E+20  7.6340E+21  1.0120E+20  7.6355E+21  5.6830E+19  7.6394E+21  6.6172E+19
  2004.540943  197.57927  13.90260  99.00000  45.94500 -90.27300  0.44200  958.90000  21.70000  0.52000  56.36400  0.47200  0.00753  45.06000  0.00240  206.50000  0.80000  6.9395E+21  3.1919E+20  6.2778E+21  1.4792E+20  7.3475E+21  2.2576E+20  7.7305E+21  2.1020E+20  7.6161E+21  2.4912E+20  7.4292E+21  1.4792E+20  7.6581E+21  2.1020E+20  7.6597E+21  2.0241E+20
  2004.540948  197.58142  13.95410  100.00000  45.94500 -90.27300  0.44200  958.90000  21.90000  0.51000  55.82800  0.47200  0.00753  45.06000  0.00240  206.70000  1.10000  6.9504E+21  2.2576E+20  6.4413E+21  9.3420E+19  7.3249E+21  1.0120E+20  7.7048E+21  8.5635E+19  7.6277E+21  1.1677E+20  7.6200E+21  9.3420E+19  7.6347E+21  5.5274E+19  7.6355E+21  6.5394E+19
  2004.540953  197.58310  13.99440  101.00000  45.94500 -90.27300  0.44200  958.90000  21.90000  0.51000  55.40900  0.47200  0.00753  45.05000  0.00240  207.30000  1.40000  6.9528E+21  2.2576E+20  6.4530E+21  9.3420E+19  7.3288E+21  1.0120E+20  7.7079E+21  8.5635E+19  7.6301E+21  1.1677E+20  7.6332E+21  9.3420E+19  7.6386E+21  5.6052E+19  7.6394E+21  6.5394E+19
  2004.540954  197.58345  14.00270  102.00000  45.94500 -90.27300  0.44200  958.90000  21.90000  0.52000  55.32200  0.47200  0.00753  45.06000  0.00240  207.00000  1.40000  6.9504E+21  2.2576E+20  6.4405E+21  9.3420E+19  7.3233E+21  1.0120E+20  7.7087E+21  8.5635E+19  7.6285E+21  1.1677E+20  7.6184E+21  9.3420E+19  7.6332E+21  5.6052E+19  7.6402E+21  6.5394E+19
  2004.540958  197.58509  14.04220  103.00000  45.94500 -90.27300  0.44200  959.00000  21.90000  0.52000  54.91200  0.47100  0.00753  45.05000  0.00240  207.70000  1.70000  6.9428E+21  4.5937E+21  6.4382E+21  1.4793E+21  7.3313E+21  2.3358E+21  7.7712E+21  2.3358E+21  7.6194E+21  4.5937E+21  7.6100E+21  1.4793E+21  7.6451E+21  2.3358E+21  7.7027E+21  2.3358E+21
  2004.540962  197.58628  14.07080  104.00000  45.94500 -90.27300  0.44200  958.90000  22.00000  0.52000  54.61500  0.47200  0.00753  45.06000  0.00240  208.40000  2.00000  6.9497E+21  2.2576E+20  6.4491E+21  9.3420E+19  7.3280E+21  1.0120E+20  7.7079E+21  8.5635E+19  7.6285E+21  1.1677E+20  7.6293E+21  9.3420E+19  7.6379E+21  5.6052E+19  7.6386E+21  6.5394E+19
  2004.540966  197.58796  14.11110  105.00000  45.94500 -90.27300  0.44200  958.90000  22.10000  0.52000  54.19600  0.47200  0.00753  45.05000  0.00240  209.50000  2.10000  6.9473E+21  2.2576E+20  6.4483E+21  9.3420E+19  7.3296E+21  1.0120E+20  7.7118E+21  8.5635E+19  7.6262E+21  1.1677E+20  7.6285E+21  9.3420E+19  7.6402E+21  5.4495E+19  7.6433E+21  6.4616E+19
  2004.540967  197.58831  14.11940  106.00000  45.94500 -90.27300  0.44200  958.90000  22.20000  0.53000  54.11000  0.47200  0.00753  45.06000  0.00240  209.40000  1.80000  6.9473E+21  2.2576E+20  6.4483E+21  9.3420E+19  7.3272E+21  1.0120E+20  7.7056E+21  8.5635E+19  7.6262E+21  1.1677E+20  7.6293E+21  9.3420E+19  7.6379E+21  5.4495E+19  7.6371E+21  6.5394E+19
  2004.540972  197.58995  14.15890  107.00000  45.94500 -90.27300  0.44200  958.90000  22.30000  0.53000  53.70100  0.47200  0.00753  45.05000  0.00240  210.00000  1.70000  6.9504E+21  2.2576E+20  6.4507E+21  9.3420E+19  7.3319E+21  1.0120E+20  7.7103E+21  8.5635E+19  7.6301E+21  1.1677E+20  7.6309E+21  9.3420E+19  7.6425E+21  5.5274E+19  7.6418E+21  6.5394E+19
  2004.540973  197.59033  14.16790  108.00000  45.94500 -90.27300  0.44200  958.90000  22.40000  0.52000  53.60800  0.47200  0.00753  45.06000  0.00240  211.40000  1.60000  6.9427E+21  2.2576E+20  6.4374E+21  9.3420E+19  7.3226E+21  1.0120E+20  7.7056E+21  8.5635E+19  7.6223E+21  1.1677E+20  7.6161E+21  9.3420E+19  7.6332E+21  5.6830E+19  7.6379E+21  6.5394E+19
  2004.540979  197.59266  14.22380  109.00000  45.94500 -90.27300  0.44200  958.90000  22.70000  0.52000  53.02900  0.47200  0.00753  45.06000  0.00240  211.70000  1.50000  6.9442E+21  2.2576E+20  6.4483E+21  9.3420E+19  7.3265E+21  1.0120E+20  7.7064E+21  8.5635E+19  7.6239E+21  1.1677E+20  7.6285E+21  9.3420E+19  7.6371E+21  5.5274E+19  7.6386E+21  6.4616E+19
  2004.540984  197.59430  14.26330  110.00000  45.94500 -90.27300  0.44200  958.80000  22.80000  0.52000  52.62100  0.47300  0.00753  45.05000  0.00240  211.60000  1.40000  6.9410E+21  2.2574E+20  6.4475E+21  9.3408E+19  7.3271E+21  1.0119E+20  7.7085E+21  8.5624E+19  7.6213E+21  1.1676E+20  7.6283E+21  9.3408E+19  7.6384E+21  5.4488E+19  7.6400E+21  6.3829E+19
  2004.540988  197.59573  14.29760  111.00000  45.94500 -90.27300  0.44200  958.80000  22.80000  0.53000  52.26600  0.47300  0.00753  45.06000  0.00240  212.10000  0.90000  6.9394E+21  2.2574E+20  6.4389E+21  9.3408E+19  7.3240E+21  1.0119E+20  7.7030E+21  8.5624E+19  7.6198E+21  1.1676E+20  7.6174E+21  9.3408E+19  7.6353E+21  5.5266E+19  7.6353E+21  6.4607E+19
  2004.540992  197.59741  14.33790  112.00000  45.94500 -90.27300  0.44200  958.80000  22.80000  0.53000  51.85000  0.47300  0.00753  45.05000  0.00240  213.00000  0.70000  6.9410E+21  2.2574E+20  6.4389E+21  9.3408E+19  7.3294E+21  1.0119E+20  7.7069E+21  8.5624E+19  7.6221E+21  1.1676E+20  7.6182E+21  9.3408E+19  7.6408E+21  5.3710E+19  7.6392E+21  6.3829E+19
  2004.540993  197.59778  14.34660  113.00000  45.94500 -90.27300  0.44200  958.80000  22.90000  0.52000  51.76000  0.47300  0.00753  45.06000  0.00240  213.00000  1.10000  6.9402E+21  2.2574E+20  6.4490E+21  9.3408E+19  7.3263E+21  1.0119E+20  7.7069E+21  8.5624E+19  7.6213E+21  1.1676E+20  7.6307E+21  9.3408E+19  7.6377E+21  5.4488E+19  7.6392E+21  6.3829E+19
  2004.541002  197.60108  14.42580  114.00000  45.94500 -90.27300  0.44200  958.70000  23.10000  0.52000  50.94400  0.47400  0.00753  45.06000  0.00240  214.50000  0.90000  6.9331E+21  2.2571E+20  6.4365E+21  9.3396E+19  7.3238E+21  1.0118E+20  7.7075E+21  8.5613E+19  7.6149E+21  1.0896E+20  7.6164E+21  9.3396E+19  7.6351E+21  5.4481E+19  7.6406E+21  6.4599E+19
  2004.541007  197.60275  14.46610  115.00000  45.94500 -90.27300  0.44200  958.70000  23.30000  0.52000  50.53000  0.47400  0.00753  45.05000  0.00240  215.00000  0.90000  6.9362E+21  2.2571E+20  6.4474E+21  9.3396E+19  7.3285E+21  9.3396E+19  7.7075E+21  8.5613E+19  7.6188E+21  1.0896E+20  7.6281E+21  9.3396E+19  7.6398E+21  5.3703E+19  7.6406E+21  6.3042E+19
  2004.541008  197.60313  14.47500  116.00000  45.94500 -90.27300  0.44200  958.70000  23.40000  0.53000  50.43900  0.47400  0.00753  45.06000  0.00240  214.70000  0.80000  6.9362E+21  2.2571E+20  6.4467E+21  9.3396E+19  7.3308E+21  9.3396E+19  7.7091E+21  8.5613E+19  7.6180E+21  1.0896E+20  7.6273E+21  9.3396E+19  7.6429E+21  5.3703E+19  7.6421E+21  6.3042E+19
  2004.541012  197.60478  14.51470  117.00000  45.94500 -90.27300  0.44200  958.70000  23.40000  0.53000  50.03100  0.47400  0.00753  45.05000  0.00240  215.20000  0.90000  6.9308E+21  4.5920E+21  6.4132E+21  1.4009E+21  7.2973E+21  2.1792E+21  7.7122E+21  2.1792E+21  7.6157E+21  4.5141E+21  7.5768E+21  1.4009E+21  7.6094E+21  2.1792E+21  7.6507E+21  2.1792E+21
  2004.541021  197.60803  14.59280  118.00000  45.94500 -90.27300  0.44200  958.70000  23.60000  0.52000  49.23200  0.47400  0.00753  45.06000  0.00240  216.60000  0.90000  6.9269E+21  2.1792E+20  6.4350E+21  9.3396E+19  7.3222E+21  9.3396E+19  7.7044E+21  8.5613E+19  7.6094E+21  1.0896E+20  7.6141E+21  9.3396E+19  7.6343E+21  5.2924E+19  7.6382E+21  6.3042E+19
  2004.541026  197.60971  14.63310  119.00000  45.94500 -90.27300  0.44200  958.70000  23.70000  0.52000  48.82100  0.47400  0.00753  45.05000  0.00240  217.00000  0.90000  6.9284E+21  2.1792E+20  6.4459E+21  9.3396E+19  7.3285E+21  9.3396E+19  7.7091E+21  8.5613E+19  7.6118E+21  1.0896E+20  7.6273E+21  9.3396E+19  7.6406E+21  5.2146E+19  7.6421E+21  6.2264E+19
  2004.541027  197.61006  14.64140  120.00000  45.94500 -90.27300  0.44200  958.70000  23.80000  0.49000  48.73600  0.47400  0.00753  45.06000  0.00240  217.10000  1.00000  6.9276E+21  2.1792E+20  6.4428E+21  9.3396E+19  7.3277E+21  9.3396E+19  7.7083E+21  8.5613E+19  7.6110E+21  1.0896E+20  7.6242E+21  9.3396E+19  7.6398E+21  5.2924E+19  7.6413E+21  6.2264E+19
  2004.541031  197.61174  14.68170  121.00000  45.94500 -90.27300  0.44200  958.60000  23.70000  0.49000  48.32500  0.47400  0.00753  45.05000  0.00240  217.30000  0.80000  6.9261E+21  2.1792E+20  6.4397E+21  9.3396E+19  7.3277E+21  9.3396E+19  7.7067E+21  8.5613E+19  7.6102E+21  1.0896E+20  7.6196E+21  9.3396E+19  7.6398E+21  5.2924E+19  7.6406E+21  6.1486E+19
  2004.541032  197.61211  14.69060  122.00000  45.94500 -90.27300  0.44200  958.60000  23.70000  0.49000  48.23500  0.47400  0.00753  45.06000  0.00240  218.30000  0.70000  6.9238E+21  2.1792E+20  6.4342E+21  9.3396E+19  7.3246E+21  9.3396E+19  7.7044E+21  8.5613E+19  7.6079E+21  1.0896E+20  7.6141E+21  9.3396E+19  7.6367E+21  5.2924E+19  7.6382E+21  6.2264E+19
  2004.541037  197.61375  14.73000  123.00000  45.94500 -90.27300  0.44200  958.60000  23.70000  0.49000  47.83400  0.47400  0.00753  45.05000  0.00240  218.30000  0.90000  6.9245E+21  2.1792E+20  6.4288E+21  9.3396E+19  7.3254E+21  9.3396E+19  7.7083E+21  8.5613E+19  7.6087E+21  1.0896E+20  7.6087E+21  9.3396E+19  7.6375E+21  5.2924E+19  7.6421E+21  6.1486E+19
  2004.541048  197.61780  14.82720  124.00000  45.94500 -90.27300  0.44200  958.70000  24.00000  0.49000  46.85000  0.47400  0.00753  45.06000  0.00240  218.20000  0.90000  6.9222E+21  2.1792E+20  6.4295E+21  9.3396E+19  7.3308E+21  9.3396E+19  7.7098E+21  8.5613E+19  7.6071E+21  1.0896E+20  7.6087E+21  9.3396E+19  7.6437E+21  5.2924E+19  7.6437E+21  6.1486E+19
  2004.541053  197.61946  14.86700  125.00000  45.94500 -90.27300  0.44200  958.70000  24.00000  0.49000  46.44900  0.47400  0.00753  45.05000  0.00240  217.90000  0.90000  6.9230E+21  2.1792E+20  6.4498E+21  9.3396E+19  7.3300E+21  9.3396E+19  7.7098E+21  8.5613E+19  7.6087E+21  1.0896E+20  7.6328E+21  9.3396E+19  7.6429E+21  5.2146E+19  7.6445E+21  6.1486E+19
  2004.541054  197.61982  14.87560  126.00000  45.94500 -90.27300  0.44200  958.70000  24.30000  0.49000  46.36300  0.47400  0.00753  45.06000  0.00240  218.10000  1.10000  6.9238E+21  2.1792E+20  6.4365E+21  9.3396E+19  7.3331E+21  9.3396E+19  7.7122E+21  8.5613E+19  7.6094E+21  1.0896E+20  7.6172E+21  9.3396E+19  7.6460E+21  5.2146E+19  7.6468E+21  6.1486E+19
  2004.541058  197.62146  14.91510  127.00000  45.94500 -90.27300  0.44200  958.70000  24.40000  0.49000  45.96600  0.47400  0.00753  45.05000  0.00240  218.00000  1.00000  6.9082E+21  4.5141E+21  6.3509E+21  1.3231E+21  7.3744E+21  2.1792E+21  7.7620E+21  2.1792E+21  7.5923E+21  4.5141E+21  7.5277E+21  1.3231E+21  7.6865E+21  2.1014E+21  7.6896E+21  2.1792E+21
  2004.541061  197.62271  14.94500  128.00000  45.94500 -90.27300  0.44200  958.80000  24.30000  0.50000  45.66600  0.47300  0.00753  45.06000  0.00240  217.60000  1.40000  6.9114E+21  2.8801E+20  6.2980E+21  1.3233E+20  7.3465E+21  2.2574E+20  7.7241E+21  2.1017E+20  7.5964E+21  2.2574E+20  7.4563E+21  1.3233E+20  7.6602E+21  2.1017E+20  7.6587E+21  2.0238E+20
  2004.541067  197.62484  14.99610  129.00000  45.94500 -90.27300  0.44200  958.80000  24.30000  0.49000  45.15400  0.47300  0.00753  45.06000  0.00240  217.60000  1.60000  6.9231E+21  2.1795E+20  6.4288E+21  8.5624E+19  7.3333E+21  9.3408E+19  7.7108E+21  8.5624E+19  7.6096E+21  1.0898E+20  7.6081E+21  9.3408E+19  7.6462E+21  5.2153E+19  7.6462E+21  6.1494E+19
  2004.541072  197.62648  15.03560  130.00000  45.94500 -90.27300  0.44200  958.80000  24.40000  0.49000  44.76100  0.47300  0.00753  45.05000  0.00240  218.50000  1.90000  6.9208E+21  2.4909E+20  6.4413E+21  1.1676E+20  7.3349E+21  1.7125E+20  7.7155E+21  1.6346E+20  7.6081E+21  1.6346E+20  7.6236E+21  1.1676E+20  7.6486E+21  1.4790E+20  7.6501E+21  1.4790E+20
  2004.541074  197.62734  15.05610  131.00000  45.94500 -90.27300  0.44200  958.80000  24.60000  0.50000  44.55600  0.47300  0.00753  45.06000  0.00240  217.20000  2.20000  6.9153E+21  2.3352E+20  6.3907E+21  1.0119E+20  7.3364E+21  1.3233E+20  7.7186E+21  1.2454E+20  7.6026E+21  1.4790E+20  7.5645E+21  1.0119E+20  7.6501E+21  1.0898E+20  7.6532E+21  1.0898E+20
  2004.541080  197.62949  15.10780  132.00000  45.94500 -90.27300  0.44200  958.80000  24.50000  0.50000  44.04400  0.47300  0.00753  45.06000  0.00240  218.40000  1.90000  6.9169E+21  2.1795E+20  6.4343E+21  8.5624E+19  7.3279E+21  9.3408E+19  7.7093E+21  8.5624E+19  7.6050E+21  1.0119E+20  7.6151E+21  9.3408E+19  7.6416E+21  5.2153E+19  7.6439E+21  6.1494E+19
  2004.541085  197.63114  15.14730  133.00000  45.94500 -90.27300  0.44200  958.80000  24.40000  0.50000  43.65400  0.47300  0.00753  45.05000  0.00240  218.00000  2.20000  6.9060E+21  1.2454E+21  6.4016E+21  6.2272E+20  7.3286E+21  1.1676E+21  7.7217E+21  1.0898E+21  7.5917E+21  1.2454E+21  7.5840E+21  6.3050E+20  7.6416E+21  1.1676E+21  7.6556E+21  1.0898E+21
  2004.541090  197.63317  15.19620  134.00000  45.94500 -90.27300  0.44200  958.90000  24.40000  0.50000  43.17300  0.47200  0.00753  45.06000  0.00240  218.20000  1.80000  6.9139E+21  2.1798E+20  6.4335E+21  9.3420E+19  7.3311E+21  9.3420E+19  7.7071E+21  8.5635E+19  7.6021E+21  1.0899E+20  7.6153E+21  9.3420E+19  7.6449E+21  5.5274E+19  7.6425E+21  6.3058E+19
  2004.541097  197.63551  15.25230  135.00000  45.94500 -90.27300  0.44200  958.90000  24.50000  0.50000  42.62300  0.47200  0.00753  45.06000  0.00240  218.30000  1.70000  6.9076E+21  2.1020E+20  6.4312E+21  8.5635E+19  7.3288E+21  9.3420E+19  7.7056E+21  8.5635E+19  7.5958E+21  1.0120E+20  7.6122E+21  9.3420E+19  7.6425E+21  5.2938E+19  7.6410E+21  6.1502E+19
  2004.541101  197.63716  15.29180  136.00000  45.94500 -90.27300  0.44200  958.90000  24.70000  0.50000  42.23700  0.47200  0.00753  45.05000  0.00240  219.20000  1.50000  6.9131E+21  2.1020E+20  6.4234E+21  9.3420E+19  7.3319E+21  9.3420E+19  7.7103E+21  8.5635E+19  7.6021E+21  1.0120E+20  7.6028E+21  9.3420E+19  7.6456E+21  5.2938E+19  7.6464E+21  6.1502E+19
  2004.541102  197.63753  15.30060  137.00000  45.94500 -90.27300  0.44200  958.90000  24.80000  0.50000  42.15200  0.47200  0.00753  45.06000  0.00240  218.70000  1.10000  6.9115E+21  2.1020E+20  6.4374E+21  8.5635E+19  7.3311E+21  9.3420E+19  7.7103E+21  8.5635E+19  7.5997E+21  1.0120E+20  7.6192E+21  9.3420E+19  7.6449E+21  5.2160E+19  7.6456E+21  6.1502E+19
  2004.541107  197.63918  15.34040  138.00000  45.94500 -90.27300  0.44200  958.90000  24.80000  0.50000  41.76600  0.47200  0.00753  45.05000  0.00240  219.60000  1.30000  6.9131E+21  2.1020E+20  6.4335E+21  9.3420E+19  7.3304E+21  9.3420E+19  7.7126E+21  8.5635E+19  7.6021E+21  1.0120E+20  7.6137E+21  9.3420E+19  7.6441E+21  5.2938E+19  7.6480E+21  6.0723E+19
  2004.541108  197.63956  15.34950  139.00000  45.94500 -90.27300  0.44200  958.90000  24.80000  0.50000  41.67700  0.47200  0.00753  45.06000  0.00240  219.20000  1.20000  6.9139E+21  2.1020E+20  6.4421E+21  9.3420E+19  7.3288E+21  9.3420E+19  7.7103E+21  8.5635E+19  7.6028E+21  1.0120E+20  7.6246E+21  9.3420E+19  7.6425E+21  5.2160E+19  7.6464E+21  6.2280E+19
  2004.541112  197.64121  15.38900  140.00000  45.94500 -90.27300  0.44200  958.90000  24.80000  0.50000  41.29600  0.47200  0.00753  45.05000  0.00240  219.40000  0.90000  6.9139E+21  2.1020E+20  6.4335E+21  9.3420E+19  7.3342E+21  9.3420E+19  7.7157E+21  8.5635E+19  7.6036E+21  1.0120E+20  7.6153E+21  9.3420E+19  7.6488E+21  5.2160E+19  7.6519E+21  6.1502E+19
  2004.541113  197.64155  15.39730  141.00000  45.94500 -90.27300  0.44200  958.90000  24.80000  0.50000  41.21600  0.47200  0.00753  45.06000  0.00240  219.60000  0.90000  6.9131E+21  2.1020E+20  6.4405E+21  8.5635E+19  7.3335E+21  9.3420E+19  7.7142E+21  8.5635E+19  7.6028E+21  1.0120E+20  7.6231E+21  9.3420E+19  7.6480E+21  5.2938E+19  7.6503E+21  6.0723E+19
  2004.541118  197.64323  15.43760  142.00000  45.94500 -90.27300  0.44200  958.90000  24.80000  0.50000  40.82900  0.47200  0.00753  45.05000  0.00240  219.30000  0.90000  6.9139E+21  2.1020E+20  6.4234E+21  9.3420E+19  7.3335E+21  9.3420E+19  7.7118E+21  8.5635E+19  7.6044E+21  1.0120E+20  7.6036E+21  9.3420E+19  7.6480E+21  5.3716E+19  7.6480E+21  6.2280E+19
  2004.541119  197.64358  15.44590  143.00000  45.94500 -90.27300  0.44200  958.90000  24.90000  0.50000  40.74900  0.47200  0.00753  45.06000  0.00240  219.50000  0.70000  6.9107E+21  2.1020E+20  6.4374E+21  9.3420E+19  7.3327E+21  9.3420E+19  7.7079E+21  8.5635E+19  7.6005E+21  1.0120E+20  7.6200E+21  9.3420E+19  7.6472E+21  5.2938E+19  7.6441E+21  6.1502E+19
  2004.541123  197.64526  15.48620  144.00000  45.94500 -90.27300  0.44200  958.90000  24.90000  0.50000  40.36400  0.47200  0.00753  45.05000  0.00240  219.90000  1.00000  6.9131E+21  8.5635E+20  6.3899E+21  4.5931E+20  7.3288E+21  8.5635E+20  7.7173E+21  7.7850E+20  7.6036E+21  8.5635E+20  7.5592E+21  4.6710E+20  7.6433E+21  8.5635E+20  7.6550E+21  7.7850E+20
  2004.541127  197.64652  15.51660  145.00000  45.94500 -90.27300  0.44200  958.90000  25.10000  0.50000  40.07600  0.47200  0.00753  45.06000  0.00240  219.00000  1.00000  6.9076E+21  2.1020E+20  6.4382E+21  9.3420E+19  7.3311E+21  9.3420E+19  7.7110E+21  9.3420E+19  7.5974E+21  1.0899E+20  7.6207E+21  9.3420E+19  7.6456E+21  5.5274E+19  7.6472E+21  6.4616E+19
  2004.541251  197.69175  16.60210  146.00000  45.94500 -90.27300  0.44200  958.30000  25.70000  0.53000  30.76700  0.47700  0.00753  45.05000  0.00240  225.90000  1.90000  6.9063E+21  2.2562E+20  6.3959E+21  1.0114E+20  7.3521E+21  1.3226E+20  7.7349E+21  1.2448E+20  7.6042E+21  1.3226E+20  7.5738E+21  1.0114E+20  7.6687E+21  1.0892E+20  7.6726E+21  1.0892E+20
  2004.541262  197.69592  16.70200  147.00000  45.94500 -90.27300  0.44200  958.20000  25.90000  0.53000  30.05000  0.47800  0.00753  45.05000  0.00240  223.90000  5.90000  6.8976E+21  2.2559E+20  6.3951E+21  1.0113E+20  7.3496E+21  1.3224E+20  7.7308E+21  1.2446E+20  7.5946E+21  1.3224E+20  7.5721E+21  1.0113E+20  7.6662E+21  1.0891E+20  7.6685E+21  1.0891E+20
  2004.541268  197.69813  16.75520  148.00000  45.94500 -90.27300  0.44200  958.10000  26.20000  0.53000  29.68100  0.47900  0.00753  45.05000  0.00240  225.90000  1.00000  6.9014E+21  2.0223E+20  6.4301E+21  8.5558E+19  7.3409E+21  9.3336E+19  7.7259E+21  9.3336E+19  7.5999E+21  9.3336E+19  7.6139E+21  9.3336E+19  7.6567E+21  5.6002E+19  7.6644E+21  6.4557E+19
  2004.541291  197.70644  16.95460  149.00000  45.94500 -90.27300  0.44200  958.00000  26.20000  0.54000  28.38700  0.47900  0.00753  45.05000  0.00240  225.10000  1.20000  6.8991E+21  2.0223E+20  6.4332E+21  9.3336E+19  7.3455E+21  9.3336E+19  7.7267E+21  9.3336E+19  7.5983E+21  9.3336E+19  7.6170E+21  9.3336E+19  7.6621E+21  5.6779E+19  7.6652E+21  6.6113E+19
  2004.541301  197.71013  17.04300  150.00000  45.94500 -90.27300  0.44200  958.00000  26.20000  0.59000  27.86100  0.47900  0.00753  45.05000  0.00240  218.60000  4.80000  6.9014E+21  2.0223E+20  6.4223E+21  9.3336E+19  7.3518E+21  9.3336E+19  7.7376E+21  9.3336E+19  7.6007E+21  9.3336E+19  7.6046E+21  9.3336E+19  7.6691E+21  5.7557E+19  7.6761E+21  6.6113E+19
  2004.541318  197.71655  17.19720  151.00000  45.94500 -90.27300  0.44200  958.00000  25.90000  0.59000  27.02300  0.47900  0.00753  45.05000  0.00240  219.40000  2.90000  6.9053E+21  1.1667E+21  6.3095E+21  5.8335E+20  7.3214E+21  1.0889E+21  7.7236E+21  1.0111E+21  7.6046E+21  1.1667E+21  7.4684E+21  5.9891E+20  7.6388E+21  1.0889E+21  7.6637E+21  1.0111E+21
  2004.541321  197.71765  17.22350  152.00000  45.94500 -90.27300  0.44200  958.00000  26.10000  0.59000  26.89100  0.47900  0.00753  45.05000  0.00240  211.90000  5.30000  6.9154E+21  2.0223E+20  6.4394E+21  9.3336E+19  7.3844E+21  1.0111E+20  7.7640E+21  9.3336E+19  7.6162E+21  1.0111E+20  7.6263E+21  9.3336E+19  7.7026E+21  6.0668E+19  7.7026E+21  6.9224E+19
  2004.541326  197.71932  17.26380  153.00000  45.94500 -90.27300  0.44200  958.00000  26.20000  0.59000  26.69400  0.47900  0.00753  45.05000  0.00240  204.20000  5.70000  7.0445E+21  8.5558E+20  6.5506E+21  4.2001E+20  7.6030E+21  7.3113E+20  7.9896E+21  7.0002E+20  7.7609E+21  8.5558E+20  7.7531E+21  4.2779E+20  7.9312E+21  7.3113E+20  7.9273E+21  7.0002E+20
  2004.541329  197.72030  17.28720  154.00000  45.94500 -90.27300  0.44200  958.00000  26.30000  0.59000  26.58300  0.47900  0.00753  45.05000  0.00240  198.50000  4.40000  6.8221E+21  2.8779E+20  6.3360E+21  1.3223E+20  7.3424E+21  2.2556E+20  7.7243E+21  2.2556E+20  7.5143E+21  2.2556E+20  7.5065E+21  1.3223E+20  7.6590E+21  2.1778E+20  7.6629E+21  2.1001E+20
  2004.541344  197.72596  17.42300  155.00000  45.94500 -90.27300  0.44200  957.90000  26.00000  0.59000  25.99300  0.48100  0.00753  45.05000  0.00240  191.30000  3.20000  6.9285E+21  2.7997E+20  6.3561E+21  1.3221E+20  7.4084E+21  2.3331E+20  7.7856E+21  2.2553E+20  7.6316E+21  2.1776E+20  7.5289E+21  1.3221E+20  7.7272E+21  2.1776E+20  7.7233E+21  2.0998E+20
  2004.541350  197.72808  17.47390  156.00000  45.94500 -90.27300  0.44200  957.90000  26.10000  0.59000  25.79600  0.48100  0.00753  45.05000  0.00240  162.50000  7.50000  6.9075E+21  2.0998E+20  6.4090E+21  1.0110E+20  7.3703E+21  1.0888E+20  7.7537E+21  1.0110E+20  7.6082E+21  1.0888E+20  7.5896E+21  1.0110E+20  7.6883E+21  7.3882E+19  7.6922E+21  7.7770E+19
  2004.541355  197.72976  17.51420  157.00000  45.94500 -90.27300  0.44200  957.90000  26.30000  0.59000  25.65000  0.48100  0.00753  45.05000  0.00240  175.90000  8.50000  6.9441E+21  1.9442E+20  6.3071E+21  1.0110E+20  7.2715E+21  1.1665E+20  7.6565E+21  1.0888E+20  7.6471E+21  1.0110E+20  7.4706E+21  1.0110E+20  7.5857E+21  7.7770E+19  7.5974E+21  8.5547E+19
  2004.541355  197.73008  17.52190  158.00000  45.94500 -90.27300  0.44200  958.00000  26.50000  0.60000  25.62300  0.47900  0.00753  45.05000  0.00240  189.00000  6.90000  6.8478E+21  2.0223E+20  6.3398E+21  9.3336E+19  7.2367E+21  1.0889E+20  7.6186E+21  1.0111E+20  7.5423E+21  1.0889E+20  7.5097E+21  1.0111E+20  7.5493E+21  6.8446E+19  7.5587E+21  7.7780E+19
  2004.541371  197.73579  17.65890  159.00000  45.94500 -90.27300  0.44200  958.00000  26.90000  0.60000  25.19600  0.47900  0.00753  45.05000  0.00240  141.10000  6.70000  6.9543E+21  2.3334E+20  6.5125E+21  1.1667E+20  7.4218E+21  1.4778E+20  7.8037E+21  1.4778E+20  7.6606E+21  1.4778E+20  7.7134E+21  1.1667E+20  7.7414E+21  1.2445E+20  7.7422E+21  1.3223E+20
  2004.541436  197.75938  18.22500  160.00000  45.94500 -90.27300  0.44200  958.00000  27.10000  0.61000  24.59900  0.47900  0.00753  45.05000  0.00240  218.10000  3.50000  6.8812E+21  2.0223E+20  6.4161E+21  9.3336E+19  7.3292E+21  1.0111E+20  7.7103E+21  1.0111E+20  7.5804E+21  1.0111E+20  7.5991E+21  1.0111E+20  7.6458E+21  6.3780E+19  7.6497E+21  7.3113E+19
  2004.541457  197.76724  18.41370  161.00000  45.94500 -90.27300  0.44200  957.90000  26.90000  0.61000  24.83100  0.48100  0.00753  45.05000  0.00240  217.80000  2.80000  6.8842E+21  2.0220E+20  6.4051E+21  9.3324E+19  7.3306E+21  1.0110E+20  7.7101E+21  1.0110E+20  7.5834E+21  1.0110E+20  7.5865E+21  9.3324E+19  7.6471E+21  6.2216E+19  7.6502E+21  7.1548E+19
  2004.541462  197.76888  18.45320  162.00000  45.94500 -90.27300  0.44200  957.90000  27.00000  0.61000  24.90600  0.48100  0.00753  45.05000  0.00240  217.80000  1.20000  6.8842E+21  8.5547E+20  6.4012E+21  4.1996E+20  7.3228E+21  7.5437E+20  7.7226E+21  7.2326E+20  7.5826E+21  8.5547E+20  7.5795E+21  4.3551E+20  7.6393E+21  7.4659E+20  7.6619E+21  7.1548E+20
  2005.623790  227.83920  20.14080  163.00000  45.94500 -90.27300  0.44200  967.70000  22.70000  1.01000  41.01800  0.46500  0.00753  44.99000  0.00240  220.20000  1.80000  6.8905E+21  2.1882E+20  6.4497E+21  8.5965E+19  7.3469E+21  9.3780E+19  7.7228E+21  8.5965E+19  7.5852E+21  1.0160E+20  7.6337E+21  9.3780E+19  7.6587E+21  5.5487E+19  7.6579E+21  6.4083E+19
  2005.623791  227.83963  20.15110  164.00000  45.94500 -90.27300  0.44200  967.70000  22.50000  1.01000  41.10000  0.46500  0.00753  44.99000  0.00240  219.70000  1.70000  6.8944E+21  2.1882E+20  6.4575E+21  9.3780E+19  7.3484E+21  9.3780E+19  7.7251E+21  8.5965E+19  7.5899E+21  1.0160E+20  7.6431E+21  9.3780E+19  7.6603E+21  5.5487E+19  7.6595E+21  6.4083E+19
  2005.623797  227.84184  20.20410  165.00000  45.94500 -90.27300  0.44200  967.70000  22.30000  1.01000  41.52100  0.46500  0.00753  44.99000  0.00240  216.60000  4.70000  6.8905E+21  2.1882E+20  6.4185E+21  9.3780E+19  7.3484E+21  1.0160E+20  7.7298E+21  9.3780E+19  7.5852E+21  1.0160E+20  7.5970E+21  9.3780E+19  7.6610E+21  6.2520E+19  7.6642E+21  7.0335E+19
  2005.623798  227.84223  20.21350  166.00000  45.94500 -90.27300  0.44200  967.70000  22.30000  1.01000  41.59700  0.46500  0.00753  44.99000  0.00240  217.80000  1.60000  6.8944E+21  2.1882E+20  6.4536E+21  9.3780E+19  7.3469E+21  9.3780E+19  7.7251E+21  8.5965E+19  7.5891E+21  1.0160E+20  7.6384E+21  9.3780E+19  7.6587E+21  5.6268E+19  7.6595E+21  6.4083E+19
  2005.623804  227.84447  20.26740  167.00000  45.94500 -90.27300  0.44200  967.70000  22.40000  1.01000  42.03400  0.46500  0.00753  44.99000  0.00240  216.70000  1.70000  6.8928E+21  2.1882E+20  6.4536E+21  9.3780E+19  7.3445E+21  9.3780E+19  7.7243E+21  9.3780E+19  7.5868E+21  1.0160E+20  7.6384E+21  9.3780E+19  7.6564E+21  5.5487E+19  7.6587E+21  6.4864E+19
  2005.623805  227.84487  20.27690  168.00000  45.94500 -90.27300  0.44200  967.70000  22.40000  1.01000  42.11100  0.46500  0.00753  44.99000  0.00240  216.30000  1.50000  6.8960E+21  2.1882E+20  6.4505E+21  8.5965E+19  7.3461E+21  9.3780E+19  7.7220E+21  8.5965E+19  7.5899E+21  1.0160E+20  7.6345E+21  9.3780E+19  7.6579E+21  5.5487E+19  7.6564E+21  6.4083E+19
  2005.623872  227.86937  20.86500  169.00000  45.94500 -90.27300  0.44200  967.70000  22.00000  1.03000  47.22800  0.46500  0.00753  44.99000  0.00240  214.80000  2.80000  6.8952E+21  2.2664E+20  6.4544E+21  9.3780E+19  7.3367E+21  1.0160E+20  7.7150E+21  9.3780E+19  7.5845E+21  1.0941E+20  7.6384E+21  9.3780E+19  7.6470E+21  5.7050E+19  7.6478E+21  6.4864E+19
  2005.623886  227.87423  20.98160  170.00000  45.94500 -90.27300  0.44200  967.60000  23.00000  1.03000  48.30500  0.46500  0.00753  44.99000  0.00240  215.10000  3.30000  6.8974E+21  2.2661E+20  6.4458E+21  9.3768E+19  7.3334E+21  1.0158E+20  7.7140E+21  9.3768E+19  7.5858E+21  1.0940E+20  7.6280E+21  9.3768E+19  7.6429E+21  5.5479E+19  7.6460E+21  6.4075E+19
  2005.623887  227.87463  20.99100  171.00000  45.94500 -90.27300  0.44200  967.60000  23.00000  1.05000  48.39300  0.46500  0.00753  44.99000  0.00240  217.80000  1.40000  6.9021E+21  2.2661E+20  6.4551E+21  9.3768E+19  7.3373E+21  1.0158E+20  7.7187E+21  9.3768E+19  7.5913E+21  1.0940E+20  7.6390E+21  9.3768E+19  7.6468E+21  5.6261E+19  7.6507E+21  6.4075E+19
  2005.623893  227.87688  21.04500  172.00000  45.94500 -90.27300  0.44200  967.60000  23.00000  1.05000  48.89800  0.46500  0.00753  44.99000  0.00240  218.80000  1.00000  6.8998E+21  2.2661E+20  6.4551E+21  9.3768E+19  7.3319E+21  1.0158E+20  7.7093E+21  9.3768E+19  7.5874E+21  1.0940E+20  7.6390E+21  9.3768E+19  7.6413E+21  5.6261E+19  7.6421E+21  6.4075E+19
  2005.623894  227.87727  21.05440  173.00000  45.94500 -90.27300  0.44200  967.60000  23.20000  1.02000  48.98600  0.46500  0.00753  44.99000  0.00240  219.30000  1.20000  6.9029E+21  2.2661E+20  6.4551E+21  9.3768E+19  7.3358E+21  1.0158E+20  7.7155E+21  9.3768E+19  7.5905E+21  1.0940E+20  7.6390E+21  9.3768E+19  7.6452E+21  5.6261E+19  7.6476E+21  6.4075E+19
  2005.623905  227.88119  21.14850  174.00000  45.94500 -90.27300  0.44200  967.60000  23.20000  1.03000  49.87500  0.46500  0.00753  44.99000  0.00240  220.00000  1.90000  6.9029E+21  2.2661E+20  6.4591E+21  9.3768E+19  7.3358E+21  1.0158E+20  7.7140E+21  9.3768E+19  7.5905E+21  1.0940E+20  7.6437E+21  9.3768E+19  7.6452E+21  5.7042E+19  7.6460E+21  6.5638E+19
  2005.623911  227.88345  21.20280  175.00000  45.94500 -90.27300  0.44200  967.60000  23.40000  1.03000  50.39300  0.46500  0.00753  44.99000  0.00240  220.10000  0.80000  6.9021E+21  2.2661E+20  6.4559E+21  9.3768E+19  7.3288E+21  1.0158E+20  7.7101E+21  9.3768E+19  7.5882E+21  1.0940E+20  7.6397E+21  9.3768E+19  7.6382E+21  5.4698E+19  7.6421E+21  6.4075E+19
  2005.623913  227.88411  21.21860  176.00000  45.94500 -90.27300  0.44200  967.60000  23.10000  1.04000  50.54400  0.46500  0.00753  44.99000  0.00240  220.00000  0.80000  6.9052E+21  2.3442E+20  6.4637E+21  9.3768E+19  7.3350E+21  1.0158E+20  7.7163E+21  9.3768E+19  7.5921E+21  1.0940E+20  7.6476E+21  9.3768E+19  7.6437E+21  5.6261E+19  7.6476E+21  6.4856E+19
  2005.623926  227.88900  21.33600  177.00000  45.94500 -90.27300  0.44200  967.60000  22.50000  1.04000  51.67600  0.46500  0.00753  44.99000  0.00240  213.00000  7.50000  6.9732E+21  2.5786E+20  6.5309E+21  1.0940E+20  7.4764E+21  1.1721E+20  7.8562E+21  1.0940E+20  7.6671E+21  1.4847E+20  7.7304E+21  1.0940E+20  7.7906E+21  7.7359E+19  7.7859E+21  8.5954E+19
  2005.623927  227.88938  21.34520  178.00000  45.94500 -90.27300  0.44200  967.60000  22.40000  1.04000  51.76500  0.46500  0.00753  44.99000  0.00240  220.10000  1.30000  6.9060E+21  2.3442E+20  6.4497E+21  9.3768E+19  7.3295E+21  1.0158E+20  7.7093E+21  9.3768E+19  7.5913E+21  1.0940E+20  7.6319E+21  9.3768E+19  7.6382E+21  5.4698E+19  7.6397E+21  6.3293E+19
  2004.625728  228.54718  13.13230  179.00000  45.94500 -90.27300  0.44200  969.70000  12.80000  0.81000  69.28800  0.45800  0.00753  44.98000  0.00240  131.30000  4.00000  7.0113E+21  2.5849E+20  6.5688E+21  1.1749E+20  7.3936E+21  1.2533E+20  7.7774E+21  1.0966E+20  7.6810E+21  1.4099E+20  7.7656E+21  1.1749E+20  7.6991E+21  7.3630E+19  7.7006E+21  7.8330E+19
  2004.625734  228.54941  13.18590  180.00000  45.94500 -90.27300  0.44200  969.70000  12.90000  0.81000  68.72900  0.45800  0.00753  44.98000  0.00240  127.80000  4.10000  7.0223E+21  2.5066E+20  6.5030E+21  1.0966E+20  7.4077E+21  1.1749E+20  7.7931E+21  1.0966E+20  7.6951E+21  1.3316E+20  7.6897E+21  1.0966E+20  7.7139E+21  5.8747E+19  7.7163E+21  6.8147E+19
  2004.625741  228.55202  13.24860  181.00000  45.94500 -90.27300  0.44200  969.70000  13.00000  0.81000  68.07700  0.45800  0.00753  44.98000  0.00240  136.10000  3.40000  6.9870E+21  2.5066E+20  6.4654E+21  1.0966E+20  7.3340E+21  1.1749E+20  7.7202E+21  1.0966E+20  7.6560E+21  1.4099E+20  7.6458E+21  1.0966E+20  7.6380E+21  5.7181E+19  7.6450E+21  6.8147E+19
  2004.625743  228.55245  13.25890  182.00000  45.94500 -90.27300  0.44200  969.70000  13.10000  0.81000  67.96900  0.45800  0.00753  44.98000  0.00240  140.90000  3.00000  7.0098E+21  2.5849E+20  6.5343E+21  1.0966E+20  7.3748E+21  1.1749E+20  7.7625E+21  1.0966E+20  7.6818E+21  1.4099E+20  7.7265E+21  1.0966E+20  7.6803E+21  6.3447E+19  7.6865E+21  7.1280E+19
  2004.625749  228.55470  13.31270  183.00000  45.94500 -90.27300  0.44200  969.70000  13.30000  0.81000  67.41000  0.45800  0.00753  44.98000  0.00240  147.10000  4.10000  6.9761E+21  2.5066E+20  6.4599E+21  1.0966E+20  7.3121E+21  1.1749E+20  7.6967E+21  1.0183E+20  7.6450E+21  1.4099E+20  7.6395E+21  1.0966E+20  7.6152E+21  5.5614E+19  7.6223E+21  6.6580E+19
  2004.625750  228.55511  13.32260  184.00000  45.94500 -90.27300  0.44200  969.70000  13.30000  0.81000  67.30700  0.45800  0.00753  44.98000  0.00240  156.20000  2.80000  6.9933E+21  2.5066E+20  6.5131E+21  1.0966E+20  7.3544E+21  1.1749E+20  7.7367E+21  1.0183E+20  7.6638E+21  1.4099E+20  7.7014E+21  1.0966E+20  7.6591E+21  6.0314E+19  7.6615E+21  6.8930E+19
  2004.625756  228.55732  13.37580  185.00000  45.94500 -90.27300  0.44200  969.70000  13.40000  0.81000  66.75400  0.45800  0.00753  44.98000  0.00240  159.00000  2.50000  6.9745E+21  2.5066E+20  6.4889E+21  1.0966E+20  7.3058E+21  1.1749E+20  7.6904E+21  1.0183E+20  7.6442E+21  1.4099E+20  7.6732E+21  1.0966E+20  7.6098E+21  5.9531E+19  7.6160E+21  6.8930E+19
  2004.625757  228.55772  13.38520  186.00000  45.94500 -90.27300  0.44200  969.70000  13.50000  0.82000  66.65600  0.45800  0.00753  44.98000  0.00240  152.20000  5.60000  6.9761E+21  2.5066E+20  6.4591E+21  1.0966E+20  7.3246E+21  1.1749E+20  7.7116E+21  1.0183E+20  7.6458E+21  1.3316E+20  7.6380E+21  1.0966E+20  7.6293E+21  5.4831E+19  7.6372E+21  6.5014E+19
  2004.625763  228.55996  13.43900  187.00000  45.94500 -90.27300  0.44200  969.60000  13.50000  0.82000  66.09600  0.45800  0.00753  44.98000  0.00240  133.40000  4.80000  6.9753E+21  2.5066E+20  6.5045E+21  1.0966E+20  7.3129E+21  1.1749E+20  7.6944E+21  1.0966E+20  7.6458E+21  1.4099E+20  7.6928E+21  1.0966E+20  7.6168E+21  6.4231E+19  7.6207E+21  7.3630E+19
  2004.625764  228.56038  13.44920  188.00000  45.94500 -90.27300  0.44200  969.60000  13.70000  0.82000  65.99000  0.45800  0.00753  44.98000  0.00240  127.80000  2.60000  6.9941E+21  2.5849E+20  6.5507E+21  1.0966E+20  7.3795E+21  1.1749E+20  7.7586E+21  1.0966E+20  7.6669E+21  1.4099E+20  7.7468E+21  1.0966E+20  7.6865E+21  6.7364E+19  7.6834E+21  7.5197E+19
  2004.625770  228.56260  13.50250  189.00000  45.94500 -90.27300  0.44200  969.60000  13.70000  0.82000  65.43700  0.45800  0.00753  44.98000  0.00240  127.50000  4.10000  7.0082E+21  2.5849E+20  6.5774E+21  1.0966E+20  7.4038E+21  1.2533E+20  7.7884E+21  1.0966E+20  7.6834E+21  1.4099E+20  7.7782E+21  1.0966E+20  7.7116E+21  7.4414E+19  7.7132E+21  7.8330E+19
  2004.625774  228.56382  13.53160  190.00000  45.94500 -90.27300  0.44200  969.60000  13.90000  0.82000  65.13500  0.45800  0.00753  44.98000  0.00240  134.30000  5.50000  6.9541E+21  2.5066E+20  6.4473E+21  1.0966E+20  7.2643E+21  1.1749E+20  7.6505E+21  1.0966E+20  7.6231E+21  1.4099E+20  7.6254E+21  1.0966E+20  7.5675E+21  6.3447E+19  7.5776E+21  7.2064E+19
  2004.625780  228.56607  13.58570  191.00000  45.94500 -90.27300  0.44200  969.50000  13.90000  0.82000  64.57400  0.46000  0.00753  44.98000  0.00240  141.80000  2.40000  6.9305E+21  2.5062E+20  6.4363E+21  1.0182E+20  7.2289E+21  1.1748E+20  7.6151E+21  1.0182E+20  7.5986E+21  1.4881E+20  7.6135E+21  1.0182E+20  7.5305E+21  6.1090E+19  7.5422E+21  7.1271E+19
  2004.625781  228.56643  13.59420  192.00000  45.94500 -90.27300  0.44200  969.50000  14.10000  0.82000  64.48600  0.46000  0.00753  44.98000  0.00240  151.20000  1.50000  6.9838E+21  2.5062E+20  6.4990E+21  1.0182E+20  7.3707E+21  1.1748E+20  7.7584E+21  1.0182E+20  7.6573E+21  1.3314E+20  7.6871E+21  1.0182E+20  7.6777E+21  5.8740E+19  7.6848E+21  6.7355E+19
  2004.625788  228.56907  13.65770  193.00000  45.94500 -90.27300  0.44200  969.50000  14.30000  0.82000  63.82900  0.46000  0.00753  44.98000  0.00240  141.30000  2.70000  6.9720E+21  2.4279E+20  6.4489E+21  1.0182E+20  7.3417E+21  1.1748E+20  7.7294E+21  1.0182E+20  7.6456E+21  1.2531E+20  7.6292E+21  1.0182E+20  7.6479E+21  5.6390E+19  7.6558E+21  6.6572E+19
  2004.625795  228.57170  13.72090  194.00000  45.94500 -90.27300  0.44200  969.60000  14.50000  0.83000  63.17600  0.45800  0.00753  44.98000  0.00240  135.50000  3.10000  6.9353E+21  2.4282E+20  6.3996E+21  1.0183E+20  7.2690E+21  1.1749E+20  7.6599E+21  1.0966E+20  7.6058E+21  1.3316E+20  7.5714E+21  1.0183E+20  7.5729E+21  6.2664E+19  7.5878E+21  7.2064E+19
  2004.625801  228.57393  13.77420  195.00000  45.94500 -90.27300  0.44200  969.60000  14.70000  0.83000  62.62700  0.45800  0.00753  44.98000  0.00240  125.40000  2.10000  6.9330E+21  2.4282E+20  6.4285E+21  1.0183E+20  7.2400E+21  1.2533E+20  7.6286E+21  1.0966E+20  7.6027E+21  1.4099E+20  7.6043E+21  1.0966E+20  7.5432E+21  6.9714E+19  7.5573E+21  7.8330E+19
  2004.625802  228.57432  13.78360  196.00000  45.94500 -90.27300  0.44200  969.70000  14.80000  0.83000  62.53000  0.45800  0.00753  44.98000  0.00240  130.10000  1.90000  6.9588E+21  2.4282E+20  6.4810E+21  1.0183E+20  7.3207E+21  1.1749E+20  7.7077E+21  1.0183E+20  7.6325E+21  1.3316E+20  7.6662E+21  1.0183E+20  7.6270E+21  6.1097E+19  7.6356E+21  7.0497E+19
  2004.625813  228.57805  13.87320  197.00000  45.94500 -90.27300  0.44200  969.60000  15.00000  0.83000  61.60800  0.45800  0.00753  44.98000  0.00240  139.60000  1.70000  6.9353E+21  2.4282E+20  6.4246E+21  1.0183E+20  7.2635E+21  1.1749E+20  7.6450E+21  1.0966E+20  7.6074E+21  1.3316E+20  7.6011E+21  1.0183E+20  7.5675E+21  6.3447E+19  7.5737E+21  7.2064E+19
  2004.625819  228.58027  13.92640  198.00000  45.94500 -90.27300  0.44200  969.60000  15.20000  0.83000  61.06100  0.45800  0.00753  44.98000  0.00240  138.20000  1.90000  6.9682E+21  2.5066E+20  6.5570E+21  1.0966E+20  7.3497E+21  1.1749E+20  7.7390E+21  1.0966E+20  7.6450E+21  1.3316E+20  7.7570E+21  1.0966E+20  7.6575E+21  7.5980E+19  7.6669E+21  8.6163E+19
  2004.625820  228.58067  13.93610  199.00000  45.94500 -90.27300  0.44200  969.60000  15.20000  0.82000  60.96200  0.45800  0.00753  44.98000  0.00240  133.30000  5.40000  6.9698E+21  2.4282E+20  6.4842E+21  1.0183E+20  7.3575E+21  1.0966E+20  7.7437E+21  1.0183E+20  7.6466E+21  1.2533E+20  7.6716E+21  1.0183E+20  7.6654E+21  6.1097E+19  7.6716E+21  6.8930E+19
  2004.625827  228.58334  14.00010  200.00000  45.94500 -90.27300  0.44200  969.60000  15.40000  0.83000  60.30700  0.45800  0.00753  44.98000  0.00240  134.50000  1.70000  6.9440E+21  2.3499E+20  6.4426E+21  1.0183E+20  7.2933E+21  1.1749E+20  7.6779E+21  1.0183E+20  7.6184E+21  1.2533E+20  7.6239E+21  1.0183E+20  7.5996E+21  6.1881E+19  7.6074E+21  7.1280E+19
  2004.625834  228.58597  14.06340  201.00000  45.94500 -90.27300  0.44200  969.70000  15.60000  0.82000  59.66100  0.45800  0.00753  44.98000  0.00240  126.90000  2.40000  6.9275E+21  2.3499E+20  6.4113E+21  1.0183E+20  7.2808E+21  1.1749E+20  7.6646E+21  1.0966E+20  7.6019E+21  1.2533E+20  7.5870E+21  1.0183E+20  7.5870E+21  6.2664E+19  7.5941E+21  7.2847E+19
  2004.625842  228.58873  14.12950  202.00000  45.94500 -90.27300  0.44200  969.70000  15.80000  0.83000  58.98700  0.45800  0.00753  44.98000  0.00240  127.80000  6.00000  6.9612E+21  2.4282E+20  6.5155E+21  1.0183E+20  7.3458E+21  1.1749E+20  7.7296E+21  1.0966E+20  7.6395E+21  1.2533E+20  7.7092E+21  1.0183E+20  7.6544E+21  7.0497E+19  7.6583E+21  7.8330E+19
  2004.625848  228.59098  14.18350  203.00000  45.94500 -90.27300  0.44200  969.70000  15.80000  0.83000  58.44000  0.45800  0.00753  44.98000  0.00240  131.80000  1.70000  6.9549E+21  2.3499E+20  6.5037E+21  1.0183E+20  7.3662E+21  1.1749E+20  7.7508E+21  1.0183E+20  7.6333E+21  1.2533E+20  7.6959E+21  1.0183E+20  7.6756E+21  6.3447E+19  7.6795E+21  7.2064E+19
  2004.625853  228.59281  14.22750  204.00000  45.94500 -90.27300  0.44200  969.70000  15.90000  0.83000  57.99400  0.45800  0.00753  44.98000  0.00240  131.20000  2.50000  6.9393E+21  2.3499E+20  6.4442E+21  1.0183E+20  7.3270E+21  1.0966E+20  7.7132E+21  1.0183E+20  7.6168E+21  1.2533E+20  7.6270E+21  1.0183E+20  7.6348E+21  6.1881E+19  7.6427E+21  7.1280E+19
  2004.625860  228.59541  14.28980  205.00000  45.94500 -90.27300  0.44200  969.70000  16.10000  0.84000  57.36400  0.45800  0.00753  44.98000  0.00240  162.30000  6.70000  6.9244E+21  2.3499E+20  6.4567E+21  1.0183E+20  7.2957E+21  1.0966E+20  7.6795E+21  1.0183E+20  7.6011E+21  1.2533E+20  7.6411E+21  1.0183E+20  7.6027E+21  5.9531E+19  7.6090E+21  6.8147E+19
  2004.625867  228.59808  14.35390  206.00000  45.94500 -90.27300  0.44200  969.60000  16.40000  0.84000  56.72000  0.45800  0.00753  44.98000  0.00240  157.90000  3.90000  6.9385E+21  2.3499E+20  6.4622E+21  1.0183E+20  7.3239E+21  1.0966E+20  7.7092E+21  1.0183E+20  7.6176E+21  1.1749E+20  7.6474E+21  1.0183E+20  7.6325E+21  5.7964E+19  7.6395E+21  6.7364E+19
  2004.625881  228.60296  14.47110  207.00000  45.94500 -90.27300  0.44200  969.60000  16.70000  0.84000  55.54700  0.45800  0.00753  44.98000  0.00240  192.00000  5.20000  6.9228E+21  2.2716E+20  6.4560E+21  9.3996E+19  7.3152E+21  1.0966E+20  7.6959E+21  1.0183E+20  7.6011E+21  1.1749E+20  7.6411E+21  1.0183E+20  7.6239E+21  5.6398E+19  7.6270E+21  6.5797E+19
  2004.625882  228.60332  14.47970  208.00000  45.94500 -90.27300  0.44200  969.50000  16.90000  0.84000  55.46100  0.46000  0.00753  44.98000  0.00240  200.70000  2.20000  6.9399E+21  2.3496E+20  6.4857E+21  9.3984E+19  7.3542E+21  1.0965E+20  7.7388E+21  1.0182E+20  7.6205E+21  1.1748E+20  7.6754E+21  9.3984E+19  7.6644E+21  5.7174E+19  7.6691E+21  6.5789E+19
  2004.625888  228.60557  14.53360  209.00000  45.94500 -90.27300  0.44200  969.50000  16.90000  0.84000  54.92600  0.46000  0.00753  44.98000  0.00240  200.50000  2.50000  6.9337E+21  2.3496E+20  6.5115E+21  1.0182E+20  7.3566E+21  1.0965E+20  7.7427E+21  1.0182E+20  7.6143E+21  1.1748E+20  7.7059E+21  1.0182E+20  7.6660E+21  6.2656E+19  7.6730E+21  7.1271E+19
  2004.625889  228.60596  14.54310  210.00000  45.94500 -90.27300  0.44200  969.50000  17.00000  0.84000  54.83100  0.46000  0.00753  44.98000  0.00240  201.30000  2.40000  6.9313E+21  2.3496E+20  6.4833E+21  9.3984E+19  7.3495E+21  1.0965E+20  7.7286E+21  1.0182E+20  7.6127E+21  1.1748E+20  7.6722E+21  1.0182E+20  7.6597E+21  5.8740E+19  7.6589E+21  6.7355E+19
  2004.625902  228.61085  14.66030  211.00000  45.94500 -90.27300  0.44200  969.40000  17.60000  0.84000  53.67500  0.46000  0.00753  44.98000  0.00240  150.10000  6.40000  6.9602E+21  2.3493E+20  6.5154E+21  1.0180E+20  7.4081E+21  1.1746E+20  7.7911E+21  1.0963E+20  7.6462E+21  1.1746E+20  7.7112E+21  1.0180E+20  7.7206E+21  7.4394E+19  7.7214E+21  7.8310E+19
  2004.625903  228.61122  14.66920  212.00000  45.94500 -90.27300  0.44200  969.40000  17.70000  0.84000  53.58700  0.46000  0.00753  44.98000  0.00240  137.40000  6.00000  6.8145E+21  2.5842E+20  6.3752E+21  1.0963E+20  7.1317E+21  1.3313E+20  7.5107E+21  1.2530E+20  7.4841E+21  1.6445E+20  7.5483E+21  1.0963E+20  7.4340E+21  8.6141E+19  7.4449E+21  9.3972E+19
  2004.625911  228.61389  14.73330  213.00000  45.94500 -90.27300  0.44200  969.40000  17.80000  0.84000  52.95900  0.46000  0.00753  44.98000  0.00240  159.90000  4.10000  6.9876E+21  2.4276E+20  6.5522E+21  1.0180E+20  7.4802E+21  1.0963E+20  7.8655E+21  1.0180E+20  7.6767E+21  1.2530E+20  7.7543E+21  1.0180E+20  7.7958E+21  6.9696E+19  7.7950E+21  7.5178E+19
  2004.625917  228.61613  14.78710  214.00000  45.94500 -90.27300  0.44200  969.40000  17.80000  0.84000  52.43600  0.46000  0.00753  44.98000  0.00240  160.60000  2.00000  6.9484E+21  2.2710E+20  6.4903E+21  9.3972E+19  7.3893E+21  1.0963E+20  7.7777E+21  1.0180E+20  7.6344E+21  1.0963E+20  7.6822E+21  9.3972E+19  7.7018E+21  5.9516E+19  7.7088E+21  6.6564E+19
  2004.625918  228.61652  14.79650  215.00000  45.94500 -90.27300  0.44200  969.40000  17.80000  0.84000  52.34400  0.46000  0.00753  44.98000  0.00240  163.60000  2.20000  6.9171E+21  2.3493E+20  6.5060E+21  9.3972E+19  7.3439E+21  1.0963E+20  7.7284E+21  1.0180E+20  7.6000E+21  1.1746E+20  7.7002E+21  1.0180E+20  7.6540E+21  6.5780E+19  7.6595E+21  7.3611E+19
  2004.625924  228.61877  14.85040  216.00000  45.94500 -90.27300  0.44200  969.40000  17.80000  0.84000  51.82200  0.46000  0.00753  44.98000  0.00240  171.50000  2.50000  6.8913E+21  2.1927E+20  6.3400E+21  9.3972E+19  7.2343E+21  1.1746E+20  7.6141E+21  1.0963E+20  7.5710E+21  1.1746E+20  7.5037E+21  1.0180E+20  7.5413E+21  7.4394E+19  7.5475E+21  7.8310E+19
  2004.625939  228.62416  14.97990  217.00000  45.94500 -90.27300  0.44200  969.40000  18.20000  0.85000  50.58000  0.46000  0.00753  44.98000  0.00240  150.20000  6.70000  7.0064E+21  2.6625E+20  6.6493E+21  1.0963E+20  7.6016E+21  1.3313E+20  7.9884E+21  1.2530E+20  7.7018E+21  1.5662E+20  7.8694E+21  1.0963E+20  7.9218E+21  1.0180E+20  7.9164E+21  1.0180E+20
  2004.625940  228.62457  14.98980  218.00000  45.94500 -90.27300  0.44200  969.40000  18.40000  0.84000  50.48600  0.46000  0.00753  44.98000  0.00240  170.50000  4.10000  6.9414E+21  2.2710E+20  6.5083E+21  9.3972E+19  7.4011E+21  1.0963E+20  7.7770E+21  1.0180E+20  7.6290E+21  1.1746E+20  7.7026E+21  1.0180E+20  7.7143E+21  6.4214E+19  7.7088E+21  7.2045E+19
  2004.625946  228.62682  15.04370  219.00000  45.94500 -90.27300  0.44200  969.30000  18.40000  0.84000  49.97400  0.46100  0.00753  44.98000  0.00240  177.20000  4.40000  6.8802E+21  2.3490E+20  6.4441E+21  1.0179E+20  7.2279E+21  1.1745E+20  7.6068E+21  1.0962E+20  7.5614E+21  1.3311E+20  7.6272E+21  1.0179E+20  7.5348E+21  7.8300E+19  7.5403E+21  8.6130E+19
  2004.625947  228.62721  15.05310  220.00000  45.94500 -90.27300  0.44200  969.30000  18.40000  0.85000  49.88500  0.46100  0.00753  44.98000  0.00240  180.10000  3.10000  6.9460E+21  2.3490E+20  6.5553E+21  9.3960E+19  7.4252E+21  1.0962E+20  7.8049E+21  1.0179E+20  7.6350E+21  1.2528E+20  7.7580E+21  1.0179E+20  7.7392E+21  7.2036E+19  7.7368E+21  7.7517E+19
  2004.625953  228.62945  15.10690  221.00000  45.94500 -90.27300  0.44200  969.30000  18.50000  0.85000  49.37900  0.46100  0.00753  44.98000  0.00240  184.20000  2.30000  6.8779E+21  2.1924E+20  6.3658E+21  9.3960E+19  7.2631E+21  1.0962E+20  7.6429E+21  1.0179E+20  7.5599E+21  1.0962E+20  7.5348E+21  9.3960E+19  7.5716E+21  6.1857E+19  7.5771E+21  6.9687E+19
  2004.626595  228.86378  20.73070  222.00000  45.94500 -90.27300  0.44200  967.00000  22.40000  0.91000  46.28800  0.48100  0.00753  44.98000  0.00240  212.30000  1.80000  6.8574E+21  2.2655E+20  6.4340E+21  9.3744E+19  7.3011E+21  1.0156E+20  7.6800E+21  9.3744E+19  7.5417E+21  1.0937E+20  7.6151E+21  9.3744E+19  7.6105E+21  5.7028E+19  7.6136E+21  6.6402E+19
  2004.626671  228.89146  21.39510  223.00000  45.94500 -90.27300  0.44200  966.80000  21.70000  0.91000  52.51600  0.48300  0.00753  44.98000  0.00240  195.90000  3.20000  6.8432E+21  2.4214E+20  6.4527E+21  1.0154E+20  7.2783E+21  1.0154E+20  7.6602E+21  9.3732E+19  7.5196E+21  1.2498E+20  7.6368E+21  1.0154E+20  7.5853E+21  6.2488E+19  7.5923E+21  7.1861E+19
  2004.626677  228.89368  21.44830  224.00000  45.94500 -90.27300  0.44200  966.80000  22.00000  0.91000  53.03400  0.48300  0.00753  44.98000  0.00240  203.20000  2.00000  6.8659E+21  2.3433E+20  6.4269E+21  1.0154E+20  7.2845E+21  1.0154E+20  7.6657E+21  9.3732E+19  7.5431E+21  1.1716E+20  7.6056E+21  1.0154E+20  7.5915E+21  5.7020E+19  7.5978E+21  6.7175E+19
  2004.626678  228.89403  21.45680  225.00000  45.94500 -90.27300  0.44200  966.80000  22.30000  0.91000  53.11800  0.48300  0.00753  44.98000  0.00240  196.90000  4.30000  6.8643E+21  2.3433E+20  6.4074E+21  1.0154E+20  7.2767E+21  1.0154E+20  7.6587E+21  9.3732E+19  7.5423E+21  1.0935E+20  7.5837E+21  1.0154E+20  7.5837E+21  5.5458E+19  7.5907E+21  6.5612E+19
